9913
5238
9378
7195
29
8507
9314
4309
9914
397
6481
2141
8881
2571
2670
1733
269
8815
9815
8074
8
3087
7984
2341
7372
449
9563
1556
2268
2997
8168
2182
4587
7546
5729
969
2405
5043
5278
2319
1792
1759
812
674
682
9834
8759
7304
8650
4926
5378
5010
8013
3362
7352
5385
3811
3267
3293
6080
6264
7813
4614
7204
5359
6695
8173
4117
1738
9803
2788
9882
7914
3601
6908
8596
3435
5667
5900
8437
6945
1278
3448
4958
992
7152
6696
1156
419
9989
3588
6684
7803
8202
240
9514
4897
8413
3631
2987
8216
6420
2869
6130
6373
6130
4726
9808
1797
6979
4598
8743
4609
8046
53
5602
5198
6749
6758
5617
6739
346
8653
894
4900
8893
408
6149
3658
392
9136
1874
3164
8357
4356
9537
4487
5435
5697
2637
2414
295
7732
7023
4693
7785
8977
9891
887
5735
1861
3978
2433
6866
4872
3685
2112
1632
9834
5770
8376
5322
3997
1540
32
4705
7429
871
140
9479
3508
2554
6126
7592
5930
820
1730
4907
7063
2617
6995
5276
6595
9428
2143
7819
9466
607
9451
5652
2729
4180
975
6726
5720
7359
1432
9502
8230
7924
5333
8091
479
1459
2035
2761
2279
3765
7668
5695
2734
4663
971
9329
444
9466
3500
9910
6425
9304
5562
9155
3484
2889
2233
5556
248
17
5058
4831
7942
391
2922
4773
8203
4957
7534
6834
5075
5202
2529
7809
6218
9853
3491
6662
5671
6991
6572
2097
6295
8486
1252
9779
7728
3485
5336
4328
9855
6746
9159
7797
3490
8433
8922
1693
9743
6456
8527
4818
8010
7409
8979
4228
3614
2470
890
9285
9462
3814
1382
2109
8653
8986
1889
6381
8824
3577
709
8679
323
6221
2828
165
4654
1750
1858
4397
8206
6738
5567
2568
4147
4547
6797
7761
3369
4039
3398
9183
4206
4781
1293
2859
119
9534
5592
8943
9463
6301
3974
6138
2522
6802
6304
3529
8552
4514
4278
6758
1252
6198
9327
1751
7097
2476
5864
466
6515
9263
6002
721
4044
7295
9932
515
3181
5524
9459
8996
1826
3433
5134
700
236
7790
581
8788
2305
4860
1899
3557
1058
7578
1661
8155
54
7525
4973
2921
6788
975
9995
7184
4622
9927
7700
4155
1804
7159
3151
9982
6944
4638
682
3532
2428
7616
8673
1085
2476
572
995
9886
4502
2656
4393
908
181
5718
181
6970
6694
176
4154
7668
6456
8206
1824
8260
1717
1327
8242
8662
5965
5276
8546
4746
9244
7219
5831
1720
4143
6826
7958
8645
9482
8703
5905
6016
4422
6087
2986
1116
6263
3492
5136
9071
1699
6960
3683
3416
4640
8277
8430
6957
3554
6977
1703
2798
4196
3887
871
8340
7065
5181
3337
2900
3885
9243
8916
8307
5330
8254
5775
7945
1746
911
3369
9797
7872
7052
9566
8864
5330
7996
5821
5236
4973
7525
4386
5522
7764
1609
214
4829
6791
3551
4081
7028
9146
2997
5335
828
7603
1110
5126
9350
8373
8495
5499
2597
1899
5065
1461
7229
3062
7283
8817
4387
1160
9556
9909
8924
1165
123
105
4308
27
4187
1336
5525
3536
3023
2706
1140
4133
7832
6842
8859
2679
2341
1456
4578
3759
2918
8160
3173
201
6977
7560
7713
6533
3822
6637
4051
297
3094
8359
6676
3633
6048
2202
7170
9071
4908
4662
9557
9092
1504
8416
1771
197
9872
6349
3956
9142
4509
7129
5695
7839
1042
3408
724
4864
6397
4775
5161
9492
9487
1838
3125
1887
392
6647
958
1652
1309
515
744
9165
5283
2515
9363
1508
8864
9671
650
9726
3153
6346
3917
4195
6106
4641
9059
2504
5769
572
1996
1608
8762
1473
3495
9154
4473
4453
806
5782
1321
1550
4948
6604
4065
663
8112
9282
334
5115
5360
3487
1461
9277
7682
7567
3918
3093
71
9687
18
8419
7647
8780
6245
1142
7935
718
5596
5093
2852
6917
6644
4152
9873
7061
4815
7986
2695
5150
3101
8055
4989
914
7332
9024
4833
7603
8469
4905
3642
8487
9676
1290
7268
2273
2432
1555
9343
8028
6648
2196
1297
3292
6348
1171
6706
7516
5509
9401
2666
4962
7457
4007
5876
1141
3031
709
8744
1501
1966
2387
9988
7995
29
3608
268
2461
5163
9612
6842
8164
8160
8139
7808
860
5662
4514
8376
1171
268
1042
2485
7725
5050
8361
5218
4433
5423
315
5934
7389
2702
2275
1736
2731
5883
2005
1544
7399
7969
8386
5563
6129
2878
9723
3341
8540
4238
1718
6064
4506
9112
8549
8583
514
3263
153
4948
8686
468
882
2427
9522
9509
4164
8605
5393
2521
150
9144
490
4888
1059
2971
7766
782
6312
2659
1372
4382
5075
2230
3495
9976
7165
4009
3239
7319
8957
8277
4139
6192
7057
3662
5701
1221
2267
7446
3742
8769
6590
584
10
4001
9907
7776
4784
2571
6787
2508
6954
1862
4739
6801
8191
8256
810
7782
1927
9768
6060
6067
2312
9469
9729
8013
690
8348
5460
784
3470
8402
7720
3480
2404
3979
7608
3540
6550
4396
2400
9856
2610
3491
6657
7153
1748
3820
4936
3675
3588
7348
6094
5900
6817
5823
265
3859
524
2077
995
346
480
8715
3826
9236
2694
7786
9128
5596
2182
1528
1805
1145
5020
8462
4650
3120
2282
9586
6795
2222
3286
2890
4474
103
5065
4740
314
1941
3169
1309
2287
3649
24
2465
2885
9070
252
2013
1019
8786
9894
2824
6283
4914
1286
934
4386
9921
6872
7533
8495
159
423
2970
6614
1841
4062
6929
134
7231
8238
8774
7233
4615
1239
118
37
7843
8484
1056
2982
4730
3880
9265
5996
1519
6551
382
1440
3424
7915
9935
3583
4691
9257
6549
6532
3319
3478
3018
6903
8069
1792
4136
9036
9384
606
9073
7227
5442
6482
209
172
362
5827
6168
1881
2378
2902
9673
2154
818
5961
2089
5509
5218
8639
8393
4890
2117
1411
8145
6538
9556
2281
5574
8940
9239
1000
2519
4682
7482
9081
1206
7844
4908
3727
6078
3638
6629
2103
2145
3799
8064
4234
9308
9635
2873
4053
877
1343
1817
9022
7881
1373
7655
3456
6665
6894
4456
9184
7928
