74
752
670
879
156
786
869
901
846
299
945
650
499
663
393
877
921
628
489
509
838
8
500
738
184
885
389
422
884
386
177
310
490
199
190
647
985
59
900
183
710
198
833
209
213
578
439
134
558
280
643
396
640
495
487
824
380
228
598
616
614
127
926
105
327
116
104
312
528
356
848
238
554
33
800
767
612
239
901
522
519
896
271
511
391
758
335
123
986
285
91
600
412
370
57
91
486
513
756
366
870
604
605
424
637
405
544
601
996
445
476
867
694
747
378
437
505
65
561
491
702
4
443
114
374
853
558
213
718
314
579
588
918
536
365
907
293
261
861
289
706
337
508
400
84
238
838
941
303
751
784
5
107
227
472
482
432
30
695
503
344
274
443
614
811
808
873
104
421
86
746
128
423
606
880
859
845
70
800
148
173
584
506
281
164
978
763
948
360
810
451
56
84
895
22
247
55
895
704
477
982
802
957
757
408
189
617
253
260
769
754
785
354
260
66
870
590
181
818
950
991
270
6
428
517
380
27
572
275
731
49
609
885
358
719
294
548
688
899
160
457
653
945
163
265
364
33
855
897
852
805
889
474
163
669
343
543
696
915
171
780
317
132
17
675
851
311
575
891
563
735
349
216
33
512
482
397
546
337
294
750
495
535
576
10
556
919
906
253
186
429
385
855
561
402
531
765
66
458
656
629
194
5
197
227
870
679
976
768
369
270
870
216
158
446
578
714
717
484
319
255
913
56
111
827
459
994
592
877
452
600
858
998
606
55
225
828
87
553
596
808
824
466
24
334
264
602
48
333
439
368
588
704
424
699
531
235
693
475
464
498
76
322
496
34
730
74
862
817
627
458
625
803
276
1
137
540
955
186
873
394
906
813
451
682
513
982
270
558
458
86
408
886
409
905
920
491
979
782
308
606
592
285
410
868
286
899
760
241
437
985
988
695
150
439
378
15
421
0
574
231
86
982
117
847
239
389
338
218
523
998
177
115
283
939
335
569
838
447
163
628
432
151
323
583
590
53
598
363
53
524
947
492
859
416
339
98
806
30
669
329
28
198
797
312
137
132
233
327
580
396
955
364
547
631
299
489
684
898
853
738
774
152
582
633
568
921
84
726
303
105
408
332
303
205
996
792
689
229
119
621
626
427
986
525
58
285
15
742
535
220
832
662
372
414
647
292
688
83
19
991
188
427
675
491
984
671
283
673
901
755
295
527
182
633
404
592
270
419
686
158
639
519
820
11
285
819
304
325
903
675
669
91
102
344
935
438
16
570
111
917
325
758
796
859
743
200
451
366
972
138
524
611
9
696
975
294
515
279
972
770
306
641
214
408
985
149
198
1
719
661
270
397
420
418
256
515
971
60
881
943
198
405
554
559
453
881
205
321
160
177
91
818
818
305
226
156
806
776
157
878
438
780
275
210
550
883
725
521
943
959
464
493
716
371
52
170
252
258
491
765
435
934
583
606
240
162
762
46
290
271
924
728
403
551
938
954
435
16
475
378
975
292
224
691
15
276
213
619
886
56
736
674
991
672
280
231
186
394
629
476
665
906
205
69
457
495
375
244
511
850
623
838
494
847
882
509
475
447
481
362
504
217
36
495
889
668
78
75
62
59
552
79
317
109
500
775
604
875
371
468
78
994
658
572
193
540
434
21
988
915
735
844
484
771
339
726
439
769
801
853
828
705
932
146
814
433
273
771
660
644
591
738
991
249
663
536
142
97
909
130
364
644
974
848
415
665
574
206
434
728
411
614
785
696
112
952
481
737
723
141
382
666
880
725
915
543
261
57
992
171
539
708
815
865
908
583
530
835
141
316
563
553
283
700
249
395
652
730
133
727
223
867
393
455
592
309
998
205
718
342
728
610
50
896
475
959
479
358
146
972
674
709
877
957
409
126
705
414
208
838
141
432
705
535
239
649
196
238
854
266
932
583
876
335
479
352
646
310
710
792
634
736
853
512
694
614
638
751
28
199
589
170
983
646
57
222
647
253
812
501
871
97
436
748
432
267
452
78
929
162
870
564
250
723
76
944
689
66
695
718
265
636
888
600
634
297
175
281
550
987
135
421
84
571
521
868
191
973
946
120
487
168
36
738
243
112
34
933
531
82
651
148
718
891
749
705
188
924
986
90
263
121
511
700
45
385
568
236
358
867
708
846
35
745
584
279
209
970
564
740
52
215
889
771
458
638
476
646
914
814
736
529
288
599
581
333
984
150
921
695
369
629
893
756
726
829
387
936
799
951
676
852
166
917
975
976
907
803
622
821
617
710
703
905
310
284
590
646
786
511
341
155
141
234
912
867
63
299
155
863
603
184
67
121
101
42
98
9
845
720
182
814
431
885
72
93
522
662
739
308
174
433
816
667
667
80
886
83
731
42
298
334
226
365
456
679
759
554
688
604
626
871
770
409
108
842
502
630
505
242
291
679
27
107
346
46
187
232
129
270
626
779
605
852
496
413
884
255
319
572
211
945
795
982
355
904
824
857
886
329
451
177
360
478
636
706
525
823
291
6
446
917
786
51
122
634
464
6
890
135
930
101
80
78
83
787
982
260
645
220
941
448
398
302
279
34
360
804
210
3
162
656
921
300
59
395
935
875
753
825
10
35
278
442
113
714
230
95
974
227
668
915
675
66
569
954
452
930
110
14
933
625
670
206
925
81
953
212
956
706
389
318
742
668
761
855
382
991
303
708
218
971
975
893
389
545
200
193
827
662
208
760
287
230
319
565
312
272
777
620
979
167
939
73
187
700
280
569
691
583
629
261
906
604
154
647
501
706
841
328
369
49
441
656
631
760
221
295
384
999
916
715
518
855
788
705
907
69
626
950
4
255
211
263
211
717
910
65
424
103
393
793
504
186
801
136
946
23
431
331
374
699
46
244
906
187
949
813
608
927
763
964
182
326
579
745
44
842
810
468
945
556
613
450
742
414
938
41
789
721
724
163
421
122
759
327
309
708
141
269
635
256
234
169
935
165
267
979
7
429
447
953
985
60
755
728
826
693
121
616
414
845
131
835
967
891
163
629
599
656
250
587
264
836
108
199
2
375
178
9
805
977
962
142
389
717
222
216
762
343
832
177
540
963
364
508
206
879
489
806
887
739
745
152
576
853
703
578
581
234
587
738
211
902
880
953
971
103
521
734
798
705
263
339
20
979
847
227
859
688
385
98
427
130
250
3
335
306
933
268
540
873
6
103
775
887
56
746
342
929
832
140
634
95
479
655
427
678
882
286
718
619
384
146
749
987
501
436
293
787
705
185
660
711
288
435
950
697
533
644
626
366
785
613
813
616
620
240
647
502
878
365
121
615
863
222
954
717
658
599
504
715
784
164
427
424
599
729
121
484
374
100
850
159
713
16
127
685
256
126
187
487
492
660
102
707
234
56
424
244
655
928
960
439
92
387
863
43
116
337
528
842
789
730
1
854
746
481
539
355
607
78
842
451
90
944
159
324
0
583
920
7
864
880
798
308
619
13
352
88
350
232
930
491
962
284
345
61
765
236
416
724
314
258
176
404
202
687
80
554
622
1
561
486
881
359
795
853
724
499
941
75
731
871
918
45
155
264
106
920
500
874
645
167
132
173
923
686
860
4
592
482
357
153
321
238
864
116
91
589
967
384
16
698
256
934
95
411
550
554
684
403
428
681
922
913
854
845
599
66
849
544
900
206
49
221
797
914
689
240
855
656
625
223
706
233
509
802
644
412
708
680
167
136
361
89
401
567
934
353
985
136
897
886
342
946
107
491
212
149
84
419
805
709
642
512
942
504
314
938
916
22
619
83
510
332
172
264
252
458
617
237
594
514
475
289
460
583
780
25
732
864
444
889
925
439
401
219
943
67
510
859
441
481
294
952
813
818
216
417
276
185
655
871
699
130
160
511
65
292
888
149
157
333
39
434
772
792
6
715
860
516
926
301
997
220
605
162
390
173
580
666
710
587
889
409
69
49
273
487
342
161
988
851
494
379
637
618
172
643
333
384
159
611
37
508
183
995
23
573
520
603
592
231
542
481
992
963
531
265
450
225
779
439
76
625
818
713
244
342
709
929
726
868
893
116
729
76
111
752
2
631
707
594
862
249
75
855
212
958
472
15
183
251
454
611
229
624
677
825
319
386
754
45
606
647
513
335
76
624
87
78
608
146
24
470
395
99
677
960
410
502
975
593
105
781
557
334
757
234
159
76
620
266
474
226
265
987
914
341
964
353
771
572
500
795
394
247
247
72
559
657
926
886
602
31
19
159
366
777
745
877
205
717
143
679
296
409
19
210
102
335
915
874
907
767
21
653
15
268
77
926
277
3
813
880
35
832
391
753
961
489
630
167
206
126
198
502
887
569
64
989
904
332
215
163
99
589
817
466
857
894
393
487
898
206
367
285
390
110
38
352
599
20
871
158
146
69
12
33
991
429
375
895
761
590
411
860
179
228
327
389
474
720
876
724
278
595
9
668
57
47
372
9
420
243
167
566
665
531
600
656
960
975
903
73
917
314
934
449
894
613
838
369
685
66
93
315
661
103
983
70
502
708
79
922
951
246
841
968
130
441
624
90
768
528
164
37
194
450
486
89
63
676
458
100
94
551
415
107
6
750
178
861
458
257
135
762
856
976
730
986
769
707
76
889
235
592
279
429
42
765
870
457
794
328
909
888
232
324
348
590
75
526
803
885
783
939
647
639
267
730
977
37
437
54
278
24
998
557
805
41
675
676
850
821
356
760
61
588
436
409
179
511
935
982
749
71
273
748
62
541
478
40
930
267
446
560
643
444
118
449
837
145
125
688
966
481
800
27
422
236
437
953
100
724
287
849
795
561
949
858
454
428
250
736
47
696
296
691
140
766
492
978
911
617
18
877
450
170
257
224
406
46
177
858
770
817
707
918
378
9
128
184
437
378
920
836
74
568
527
566
335
19
896
246
988
914
476
791
84
85
367
843
131
897
701
901
714
761
171
444
770
299
628
559
677
900
395
103
468
275
22
155
646
918
754
987
185
230
130
269
315
497
464
798
394
518
699
460
279
871
904
401
522
884
960
552
784
707
7
605
334
29
760
981
948
514
320
133
96
450
754
763
299
219
561
46
89
613
506
368
836
763
769
358
647
81
910
784
788
918
741
475
947
853
808
247
368
128
732
816
930
487
580
581
58
493
627
147
106
486
867
942
601
988
301
248
69
563
384
209
481
477
684
781
331
492
380
51
972
113
867
254
600
799
836
10
645
815
157
751
653
376
694
254
364
347
855
433
910
239
994
744
69
31
877
400
875
257
451
848
370
670
454
322
822
290
332
467
458
841
218
111
217
264
366
933
963
221
718
226
812
713
322
881
744
199
633
619
808
84
819
531
107
274
853
929
916
538
396
374
379
966
838
949
231
204
234
546
777
953
772
589
666
94
823
762
645
456
733
454
893
905
985
0
531
838
281
447
376
677
174
108
995
12
409
226
568
643
773
345
948
897
286
966
992
461
728
637
918
814
91
163
719
428
515
250
619
796
49
347
825
223
455
172
587
216
399
155
212
524
500
160
773
787
479
765
248
207
755
518
21
198
33
92
627
900
342
246
48
392
593
225
615
401
398
555
969
149
710
533
25
211
46
798
350
525
916
950
732
671
821
106
221
854
198
848
755
893
446
155
285
392
381
252
145
779
807
466
928
518
0
953
81
46
751
783
571
667
733
655
690
554
113
912
761
664
112
868
557
911
23
842
655
404
446
800
183
606
266
463
124
618
416
557
664
168
340
587
187
425
595
878
332
708
142
93
724
254
313
281
517
688
475
172
93
922
972
628
528
591
444
4
209
860
913
226
380
253
813
920
678
760
798
362
821
292
455
545
898
120
827
416
809
654
588
902
928
561
882
808
504
326
164
65
539
77
291
919
682
457
839
713
217
989
75
38
633
531
584
532
3
763
948
812
769
536
66
698
449
949
506
953
627
671
19
518
100
662
438
783
119
629
496
337
971
571
727
604
454
663
488
458
778
436
622
548
973
689
246
774
990
104
80
617
127
451
488
228
113
278
11
585
907
859
274
230
430
1
187
237
17
675
47
795
464
669
343
437
358
589
563
348
694
643
318
173
94
806
401
560
84
412
145
343
623
419
926
54
772
465
643
789
140
690
585
604
711
928
393
422
870
309
770
916
952
440
89
399
598
491
959
34
255
456
730
879
875
656
285
647
473
928
437
613
970
22
570
33
302
315
455
172
976
226
88
929
18
178
680
969
669
991
3
276
447
733
155
674
741
440
673
214
720
462
180
42
484
102
76
139
769
531
311
746
109
752
27
480
930
59
449
951
50
452
227
849
538
735
523
631
527
548
198
248
11
730
290
847
184
718
986
305
250
650
403
711
402
782
191
684
841
640
635
243
445
214
92
983
301
967
966
829
516
516
77
527
246
719
374
782
438
713
88
40
363
491
751
765
274
295
449
467
935
436
711
380
2
155
715
304
123
34
485
991
550
914
870
149
633
596
931
423
309
19
815
672
863
919
789
489
214
238
956
501
26
667
234
381
175
949
685
650
335
522
641
886
436
511
35
69
459
318
845
769
338
660
441
553
579
231
42
145
821
350
647
200
370
881
581
545
182
618
195
518
140
188
756
576
51
143
997
510
461
842
279
151
855
73
56
786
304
98
932
477
449
931
677
819
812
258
716
346
876
911
864
16
99
972
592
150
115
590
12
929
784
292
80
639
365
137
426
21
587
710
498
388
641
528
559
805
786
275
151
15
538
16
31
989
340
976
491
456
918
504
737
54
796
817
46
513
306
472
886
246
534
736
986
175
264
546
332
403
173
483
418
712
851
801
53
192
129
545
0
47
49
737
454
197
906
500
62
213
324
948
811
858
684
797
385
949
695
717
352
869
200
770
933
52
923
986
596
53
531
596
452
932
333
906
129
239
406
191
804
730
139
967
940
176
117
677
125
812
394
829
33
947
951
966
351
874
305
947
927
836
895
380
121
228
286
250
819
45
794
976
127
285
943
68
461
60
745
938
873
492
767
906
439
718
225
142
593
530
89
872
718
336
252
191
564
539
794
735
936
588
711
63
225
655
483
687
715
581
977
940
425
745
199
216
815
776
358
760
658
799
633
728
135
885
920
51
776
714
786
712
654
498
128
879
505
963
566
572
544
896
865
321
641
416
537
456
192
247
569
850
46
202
930
533
87
850
584
864
916
723
928
570
573
408
450
78
372
368
2
268
264
867
590
905
283
479
714
827
727
283
29
773
837
960
307
924
162
243
140
79
966
421
649
539
829
99
969
553
820
324
822
84
191
764
342
827
243
408
6
970
43
36
96
880
348
755
156
510
350
297
941
317
70
591
208
899
42
530
453
862
854
627
299
397
391
641
576
986
401
583
309
444
971
757
676
319
512
832
181
214
129
475
883
551
418
92
451
460
974
256
675
180
883
326
577
626
319
154
964
720
89
273
516
60
382
192
731
246
24
264
461
506
91
344
57
509
788
860
322
762
116
349
942
351
675
872
977
994
378
294
66
467
567
582
879
950
774
962
196
798
578
9
656
670
354
714
179
142
574
853
257
43
202
551
394
877
423
724
223
801
18
289
620
937
871
851
239
997
813
436
148
744
445
804
414
151
870
945
294
445
799
903
840
1
454
234
231
878
310
806
31
328
96
652
266
319
855
505
317
21
293
465
765
91
621
531
594
492
476
240
289
627
143
129
981
598
715
564
476
26
370
859
354
466
511
972
138
719
830
455
740
475
272
505
918
893
36
513
385
864
753
674
844
897
803
825
847
519
741
323
545
111
182
251
930
46
576
68
117
406
875
857
233
147
362
152
40
750
17
426
966
770
452
810
19
608
987
866
479
728
541
376
192
76
627
122
474
203
542
591
961
417
800
195
564
514
699
604
264
716
382
582
486
187
745
858
795
84
76
626
813
970
2
357
398
981
479
224
537
21
167
498
438
967
45
354
481
744
310
97
460
693
679
299
232
424
509
379
509
585
5
674
907
7
383
305
988
862
881
525
235
48
376
25
15
421
731
496
166
41
593
626
86
273
277
318
49
786
697
910
724
702
936
631
61
319
289
50
533
170
927
768
219
303
145
234
725
876
83
243
270
676
221
356
301
499
675
703
285
724
613
9
779
902
993
840
221
282
242
755
452
170
875
23
825
373
610
550
249
693
145
519
721
367
228
375
218
903
78
503
979
43
865
758
945
858
599
167
140
841
274
944
363
149
320
189
522
930
91
124
975
237
995
696
956
223
423
174
478
501
29
458
897
894
216
194
752
167
361
244
361
987
541
724
137
861
265
659
791
357
783
118
946
131
814
902
354
590
428
833
91
457
643
340
352
211
535
456
379
248
53
92
236
594
168
725
455
434
384
598
143
520
716
89
651
882
343
357
472
771
190
916
580
185
256
284
397
143
741
128
392
794
220
980
388
740
705
195
174
441
793
317
961
509
758
964
743
101
322
216
224
864
132
805
50
740
89
799
884
182
927
628
976
499
608
716
239
665
263
414
106
56
83
420
917
842
384
661
295
58
229
520
275
361
325
325
453
414
476
337
597
403
317
925
902
925
994
141
942
257
907
49
666
343
469
583
537
853
596
832
264
825
352
539
538
677
216
992
444
692
681
393
95
999
670
349
276
664
842
219
274
102
268
940
445
89
875
982
294
472
814
558
649
519
97
188
196
665
180
992
357
213
385
804
212
56
505
841
72
348
412
698
450
32
638
247
121
866
581
415
338
747
974
987
266
423
527
815
89
707
807
798
273
545
603
837
953
108
678
377
808
442
76
610
474
66
857
595
932
438
11
622
186
337
610
804
760
489
619
201
549
779
0
822
324
955
659
629
415
690
6
224
132
434
834
607
501
44
554
433
834
565
408
372
254
370
177
367
859
148
568
408
927
920
230
603
227
242
232
643
932
591
219
416
25
405
375
878
449
930
664
284
847
72
656
102
442
185
469
301
334
389
710
261
310
292
217
889
534
449
884
818
392
103
587
770
509
962
648
958
892
312
594
740
736
603
194
178
788
663
480
122
52
542
384
714
834
601
604
721
402
488
891
147
944
478
917
453
441
917
763
685
582
710
777
318
313
971
497
101
634
329
224
39
223
960
753
57
913
709
130
667
198
22
166
494
500
435
299
293
353
62
331
287
124
108
957
437
432
806
891
66
135
467
457
358
427
211
768
692
272
898
711
470
920
878
316
773
313
615
418
18
30
749
657
154
858
615
944
290
421
835
708
909
302
518
267
81
729
387
773
353
286
836
824
558
714
492
683
380
108
102
750
138
851
408
644
61
375
588
703
796
423
764
705
725
282
325
806
363
64
931
716
350
768
892
261
834
737
296
566
845
398
669
335
602
429
979
15
804
568
71
952
991
835
10
69
469
335
875
184
399
159
252
102
279
497
715
465
234
11
32
79
762
701
414
364
130
393
731
286
313
802
238
305
989
248
374
810
935
601
994
687
112
599
141
391
96
856
857
330
219
241
761
981
294
527
697
776
272
429
62
586
583
300
891
573
901
617
383
836
570
730
875
683
329
16
426
777
872
635
107
444
876
220
425
522
747
475
298
19
256
360
605
191
13
848
764
914
465
500
102
388
582
978
71
263
994
849
40
219
485
499
663
361
719
440
884
818
267
534
837
523
895
795
715
260
643
831
174
461
683
628
849
617
606
272
880
953
121
920
172
606
771
187
320
490
979
556
308
247
90
498
122
337
293
189
597
288
373
123
101
56
752
302
26
710
574
906
663
48
179
187
6
950
374
326
793
354
234
453
953
677
951
75
366
596
265
316
237
638
439
338
46
543
641
72
606
567
331
269
615
510
457
622
812
183
300
605
889
887
59
842
916
362
918
282
311
535
598
548
525
390
886
923
285
879
348
891
447
679
513
414
541
322
388
353
505
689
311
395
928
722
589
844
436
859
126
747
394
77
295
271
819
534
547
104
413
895
348
212
926
861
627
467
183
367
172
40
56
835
435
336
909
25
180
346
884
659
93
631
88
741
254
907
275
801
363
40
696
711
605
622
924
584
441
107
951
966
500
360
801
935
696
63
312
877
409
549
888
502
532
976
595
786
883
222
588
246
263
636
310
868
611
234
452
52
694
755
370
194
115
172
481
812
235
146
41
996
47
929
850
579
257
446
365
140
668
305
738
283
942
400
503
553
987
307
957
33
63
328
579
178
852
60
342
439
558
383
435
605
664
285
536
921
83
254
413
104
559
504
387
853
904
891
758
243
198
716
276
613
44
855
792
248
268
134
687
826
870
474
784
534
111
320
808
195
574
221
299
486
725
38
339
982
281
98
225
832
166
502
445
210
709
589
810
977
724
497
804
946
971
940
480
434
260
288
629
187
862
280
673
587
319
12
921
600
462
147
432
628
1
230
190
710
819
0
40
895
849
196
841
172
136
674
607
748
962
236
935
824
869
608
764
188
973
685
140
435
184
925
64
537
155
606
600
974
607
640
870
808
188
63
981
324
737
588
424
52
176
360
228
45
968
992
585
941
30
726
729
566
651
793
456
158
751
56
484
358
48
354
167
236
770
500
912
507
88
336
559
616
48
788
662
17
132
599
310
514
325
39
81
328
184
537
486
936
945
971
646
993
677
165
581
799
665
845
307
105
533
218
722
582
6
736
951
491
335
613
5
661
5
86
341
189
975
180
477
920
503
476
265
532
993
846
332
659
43
639
116
577
209
838
159
216
574
462
59
910
75
64
923
80
503
616
622
478
796
451
751
651
927
16
184
921
215
868
932
258
859
48
187
68
239
346
636
813
808
695
75
236
760
350
316
615
319
938
445
467
742
196
119
669
565
655
942
132
523
226
742
734
275
930
802
866
628
439
679
789
486
107
25
246
809
341
213
128
632
659
948
374
207
67
395
772
74
690
256
949
916
999
683
543
929
485
409
909
276
441
698
763
548
723
361
709
65
575
190
49
234
138
423
441
557
170
566
631
860
822
580
777
173
615
320
454
100
82
364
377
523
62
492
423
786
853
132
203
428
674
604
662
812
379
456
721
549
22
704
410
196
636
539
370
251
211
824
704
293
188
81
816
603
925
239
741
778
724
944
207
750
548
221
915
927
677
636
828
51
341
238
248
977
129
618
581
341
794
285
634
335
718
451
938
643
42
679
421
118
975
980
869
875
202
784
154
231
772
982
283
465
573
531
795
702
501
376
43
647
661
30
982
731
481
272
374
875
303
147
346
630
128
567
505
330
351
659
561
475
994
196
941
919
79
736
621
932
112
17
580
125
47
914
856
880
539
582
107
842
729
453
473
857
20
330
187
723
342
101
199
688
649
492
607
729
228
580
661
692
597
593
169
644
508
25
876
47
607
984
241
336
437
66
546
458
397
85
533
91
186
84
779
188
576
386
917
156
966
578
848
916
524
369
560
32
394
789
431
353
773
24
42
562
91
588
372
840
673
906
931
212
990
62
400
567
448
669
75
766
599
924
682
123
293
595
155
40
384
938
745
509
963
139
71
54
727
444
246
753
350
177
317
692
239
69
611
39
738
687
805
337
963
840
461
608
435
968
0
171
907
746
680
870
885
751
276
965
195
522
70
897
51
739
942
642
808
553
33
546
240
190
883
555
30
696
164
465
665
164
636
924
262
668
794
500
420
422
817
967
296
239
217
699
978
159
693
786
712
726
332
305
916
567
212
299
616
376
764
281
893
753
205
155
773
351
7
193
125
824
513
421
63
730
472
393
241
165
179
305
243
863
610
159
783
823
458
399
551
575
680
444
680
237
952
453
588
311
999
713
136
864
486
551
946
958
945
187
475
476
492
718
340
455
877
475
630
688
874
181
615
554
978
647
143
282
452
731
593
451
796
81
667
634
985
613
944
930
800
419
758
293
137
450
748
366
925
378
54
799
911
21
705
241
668
848
523
121
931
469
924
79
550
592
713
535
557
657
817
358
76
928
3
565
378
751
932
304
481
338
103
392
360
809
986
380
9
509
853
941
978
778
372
881
722
86
768
279
95
586
989
172
866
992
89
244
95
21
548
576
360
652
321
72
813
307
452
174
168
306
115
499
436
488
380
510
926
500
141
21
86
483
545
952
475
635
549
571
8
97
499
368
101
820
792
266
479
597
441
0
255
908
499
691
748
231
553
674
731
46
48
170
529
945
474
5
932
23
928
941
121
427
661
574
600
454
841
431
51
282
431
306
542
282
349
291
513
254
317
597
300
365
767
830
663
241
187
595
617
467
536
90
894
550
664
846
4
857
630
407
491
61
65
34
696
414
325
209
20
994
158
320
360
925
502
375
519
41
970
136
508
859
578
755
409
594
601
765
452
231
172
943
645
589
329
341
355
6
902
375
1
61
47
713
338
550
88
857
943
58
345
452
269
275
207
678
870
160
443
322
744
967
617
389
556
947
82
911
305
984
286
306
397
686
19
736
588
107
945
531
518
643
335
787
918
542
466
788
55
261
462
799
581
432
540
137
379
622
401
36
958
39
343
356
725
362
92
313
822
389
845
340
32
180
127
951
75
945
91
482
559
554
281
140
986
173
277
717
795
678
753
753
718
96
461
795
811
905
109
633
295
306
973
327
486
452
630
913
398
722
395
957
276
28
449
614
201
726
331
348
757
84
454
827
533
915
622
344
821
83
329
468
389
654
147
228
106
778
141
856
500
889
165
128
269
614
742
823
693
425
523
450
509
977
629
394
245
603
90
418
687
419
886
76
73
33
304
532
811
798
388
663
39
554
143
308
520
237
483
213
662
7
15
524
984
644
918
581
248
9
999
935
780
885
363
206
271
20
738
434
818
126
450
857
32
593
517
905
831
1
118
493
360
134
17
696
130
288
278
730
649
277
17
429
515
381
635
786
401
373
572
571
852
22
780
236
616
649
493
447
2
612
292
362
98
310
59
580
598
689
311
599
318
328
28
185
61
16
323
814
741
896
385
945
918
517
534
534
167
27
333
169
991
626
884
441
288
295
22
238
984
333
837
654
13
217
840
75
233
163
241
975
59
979
920
978
496
454
864
15
482
550
537
825
176
421
267
816
716
289
406
52
974
243
58
987
460
898
414
46
414
8
21
473
987
293
803
835
748
20
851
582
570
388
407
746
161
674
914
877
315
320
281
289
915
339
629
375
590
395
773
4
403
794
829
742
88
633
578
188
5
781
122
575
169
881
673
330
908
587
559
223
907
192
865
822
883
846
549
473
241
675
829
997
469
659
739
909
644
669
449
649
450
571
224
971
453
897
653
361
836
212
936
743
756
801
917
640
647
818
465
241
493
295
238
315
954
329
576
950
351
26
599
801
597
175
125
402
72
778
763
908
343
700
3
99
853
272
91
501
442
557
742
288
204
332
955
510
661
531
460
12
557
411
166
507
586
291
909
10
421
25
270
764
77
625
216
930
249
307
431
43
216
525
331
420
857
638
282
871
170
742
235
79
153
753
938
91
44
848
101
818
873
723
582
302
348
798
232
597
458
16
641
26
541
324
447
751
963
81
622
485
824
209
916
329
963
855
421
359
703
874
177
928
598
112
230
298
910
814
896
720
830
889
747
372
213
546
475
528
627
449
13
803
658
930
133
621
785
906
333
840
132
510
120
82
622
350
381
885
164
629
957
347
518
56
71
83
602
546
964
582
995
329
737
653
611
222
627
748
480
960
588
613
822
60
47
445
762
428
682
279
409
639
626
279
696
697
715
650
243
679
584
590
8
322
595
972
896
222
720
377
534
661
990
357
721
389
154
484
170
836
763
579
827
389
859
523
438
926
526
681
605
110
623
965
784
218
937
681
793
10
58
327
671
400
36
392
789
542
876
959
730
991
891
558
732
102
433
170
28
959
203
633
422
826
950
558
45
240
239
838
250
649
517
921
401
906
313
191
448
542
502
179
885
745
89
618
847
