2331931132
299649994
1135323100
2441051829
474009260
990549747
2974993018
3102911309
1623215345
150892194
159373989
2386441349
299530825
2744413511
480075849
211777655
3586006192
1951156142
1376900599
1952625216
3233076041
884954497
1557524626
3268472671
3033940525
3241225863
3143604871
939398477
51229555
1999364676
3419984947
910544225
393804776
1294063091
783643062
1640948182
4103345839
4110765147
3548159453
384978097
70550135
2322739550
3637420643
434801357
1105896745
3054869829
2759044738
2742178703
628688255
679995965
713910394
2319767676
736011772
4289114864
2955074958
3942960851
2480938738
2093773127
3054236018
1985070703
1290769140
978922882
4032126746
1619547779
707932946
3171609067
2504577230
2216486548
1841108780
1461471911
1192440894
1045744700
3123247011
4016145504
3802639623
2246930251
2768718403
597953612
2327705237
359815127
225094922
4219331110
2005761498
1352348649
2096048715
4189563548
1414535291
4090367636
2937145058
2540054206
2410963280
3321345130
671127253
705357904
1686630113
612969875
3901092051
3709037896
1645354707
2103601536
1064847402
3956598134
2163951924
1827834922
3183194330
215650557
4279017955
620031157
2207532555
4156265566
3574296777
391376395
1612507996
2995902883
1071849613
1551511647
4032473396
2764899661
1349166843
4104034901
3270196526
802245146
164099287
2673223470
2681753943
550301502
184394565
2237854384
542289063
1185679612
4233097196
2718397840
3229512660
308240677
3887973024
3641493100
3651746373
55117974
2369429845
1888661521
1019878956
662195609
3127091116
1989903045
941961840
102953597
2249350672
985576366
372789663
3806077543
2191204510
1307835384
3736749017
4002122560
406009040
2319343295
3049729955
1608204359
695627507
1822572366
169436953
827580842
2184728855
1411197264
2755802808
3812999735
2833226457
2889566270
3350826425
1390883073
1240722648
673822096
3954595180
4244279538
2618653271
3255862272
4058324394
2597111891
2160875673
85912822
1014660950
36532922
433764774
3644264922
4140795312
1580810103
2021712427
3245203949
122342044
4290284788
1602467584
4275436418
717913004
1362549108
1451291458
379412645
2990598812
4039908882
3565401405
2788797927
3552900603
4019605398
865978223
1252980031
3583797460
2921667381
3239896324
3891986041
2345480004
2948978413
3880294531
1944675271
1865493674
2866886339
339957914
1229864808
2903559997
1199028078
3923515197
3799444316
2694509900
3613473401
325929854
1786471409
348971278
813143117
3733237956
1725390576
3191035408
2359789647
26740123
901380121
2255273031
4138256235
1992874098
2656910500
3137272082
169388902
1171258362
4005594169
4193700461
3545434324
831477592
2124916273
31556598
1641742189
958620407
3845058686
2691435646
1893898465
3021356948
3176245407
617164318
4228840313
3946268182
3130237442
2915535513
4160787014
1717912299
2756729273
984682443
1089005692
1766109102
2850492710
968630962
2409760177
813603181
681328468
1647877422
1613148080
684073077
2300341107
1289411929
1949931963
1644503594
2903494971
167711158
3356335249
3264929907
4247625092
2408237879
1960267728
3613157422
3848471293
2629771911
1109351392
2157648531
4285607100
15545161
3662859675
3784892512
3394171745
1410140127
1061465594
1308550772
1100580892
3812537879
1960450430
166447135
2484962342
2878853194
1698124384
276763712
371755268
202088691
2818599969
810960747
3988559098
4102053539
1799002984
2744792977
258928434
3263893478
2961927648
2893189448
550438539
2414250345
3095470224
2694848826
2187631401
3562424459
2576612711
831036942
297662872
3176760139
922002365
3411928706
409676742
3827659914
497288563
2740785168
3394459994
752060061
2131391591
1142260307
3874996239
3362118294
3476261561
1571323597
2944710773
3422560060
2275724245
3914549031
2981515306
1997316480
2194379265
1295957647
1788818060
3302059011
1563683887
3293037493
916151144
4073628959
3612058144
3762638346
3081397666
151269671
2922017044
562806847
514120036
1282658903
2354572159
3548336602
3010636952
3511764165
2842309655
2115101311
2738726646
2429205980
1702441668
1471758752
2513647906
4291046238
3092651483
3054854960
1112067725
3995316072
2666811583
3878945631
1662048387
2312343944
2374853842
3481195869
2696737392
1220120877
1306601371
2635123809
226173610
554122709
913346210
3968188091
1965915322
3579658869
303974982
1227724891
1583990174
2897538376
989618949
1835886503
1021756327
869863457
3615662200
527294907
609426055
4278895038
2228461537
2936362582
1036860123
2707396406
2063580313
2306676588
3161091882
2699935428
831712446
2402004764
4257531126
3130232993
954135110
2850495492
3178114219
3519582157
2947935947
890276637
3964565488
2937110688
72782715
417826672
630645203
2595018405
1501587418
2917052374
1913541128
3328148493
3097193207
982242122
3114744719
2848294125
2138921088
197366017
1399443874
4258192235
2782683557
1758963612
2449681125
1160617042
3209425890
3314818297
3673535953
1450813304
3737956066
3817730109
2958510410
2579938929
4292293031
445436332
1530408297
2767680249
1839182675
3354608785
3586230417
3223617313
2808132077
3774372058
4242011178
2941021444
2227336203
3897189268
2492134887
124757484
1858251470
2317964858
692475649
2647466321
2730769252
1777747231
4141623412
358083074
1297902566
3948620831
3739797891
3042531379
3916383543
545846572
2726647865
2900727862
1595535690
3671070164
2229284167
1310770345
4268595518
3339274498
1481068076
3377852339
979935800
2205064503
157557070
2359777986
228277793
777354591
2453052539
553455057
3268955608
953897210
1082431886
654566538
2278492540
4060358961
1498765427
1020515857
2560390725
150090611
3038348705
650545814
1500169517
855749084
3106676687
3251504442
399943621
770225469
3485352768
3630846855
2974031738
963531807
746334696
1926443947
3193485783
1972173387
2766870854
812906768
3932435424
2123344654
3193858546
3195458271
1939530193
1519569415
2839094642
1818849649
1482126647
2541394456
655594321
380767286
1766081770
1040037699
508811143
1682255984
3677176489
2497281607
2945483812
2729125864
1986558790
28349204
856558356
2951921701
3401049118
3107962090
1543780216
375835875
4065423090
1895527714
1715813215
4590957
4006902542
1278314654
2588185850
337859551
1841579304
4283647981
4107271054
22741035
1484150976
1933450053
4017175548
864716127
2535102270
2773693816
2096838104
4236621346
853863759
3312708171
3200566133
1425709743
2203099866
4000024203
1537617634
1299504540
3496481407
20143609
3245825415
4128837217
164991458
867507830
1158068640
2046123018
3353342783
1124994344
4109190724
4251721237
3236674503
4241456665
3223675973
858454826
3453435533
3323584824
3145864908
2974603079
3576097320
678835350
3059264026
1593609177
2505099104
3244314656
4016652013
2737038369
3418150985
2824671841
1396393613
3059521023
675348021
1145557087
706004139
2413004567
107124264
3415677826
2214837764
1160058477
1616245490
1428986217
929680794
2344212270
1923241238
1083587918
2882354150
420711327
2363710235
3658631209
2682412815
2999062926
4150452956
4130095450
21103305
2659444580
2698571216
2975061119
704158921
627208446
1178814647
3831238098
3828740414
4023432254
92576857
231782919
2836767152
386402795
361575233
3887598880
1550816654
4198801590
667030684
2021287175
2171068550
4266493775
3981963964
3972709979
2209583949
280246803
2258581815
3696474615
2882527362
2472104237
2637380778
418092159
2081745157
4122809425
1424399753
3469006059
1190871380
44677943
1874992932
3634441726
242517528
2208695425
3355916150
3662593033
316545821
3056174205
1402515916
2586337586
701119509
3161840700
3579398780
461761271
1405150406
1875504176
3298841498
2200374481
3965295605
2381575319
826019553
3987131681
1923017604
1614741704
953989064
2500512845
1112325356
1844744688
3020845791
88882509
3499673
2318437336
3463210155
1287340869
4272531199
4017333539
2637637683
1374076749
4256196142
1362829899
1818049918
3559912238
4048631883
4243450582
1110265541
1719219685
1832795230
1243807950
2230494195
2856143163
2411693275
2481100282
4225823341
2935926996
1580672377
3280773300
3144800617
2754332419
2149982472
3307876130
3691723262
3988058218
3600572888
407592666
656613549
2693207708
999492910
2069325202
3032629668
1919329730
1999216142
3473084973
3729047976
3611625170
2494136805
4149859068
2917264550
1097263853
338383978
1487913227
942814918
2988895858
2465822251
758473560
1734637054
483357525
3210665466
3249160363
2322718089
4154724365
2378074249
2361940275
1398011426
2948515132
3351430032
2665660411
3591955179
1786623316
1671742745
2841803068
3867923453
1410921856
2062368907
2876362430
929399979
2828272111
4195811568
3768595576
3738378788
1243388834
3427437811
900357227
1519348934
1925534530
4102062108
2819328647
4240327693
1586326099
1655552543
973583347
2079667735
2868348054
2458631295
887694843
1086377344
3933601706
2579452417
1415689471
278864273
767177121
3455620455
3304451654
206168262
2387975877
3827483630
1087384412
3338490163
2071510239
4064192302
350788721
3827479851
1964001188
1601430244
2796147250
3563919607
1414938967
2322200216
2591260369
1174656366
1919454037
118309235
2120708726
3848808140
1077010282
382023102
737898001
2884513944
2637473622
2368568606
551652792
1194617529
176662658
3725615192
3680294561
804877741
2735707753
578573195
1691492993
3116499372
58580687
3415787867
2197253925
2977688194
2598464350
2996040270
4201811201
785242159
2739387043
2567388454
914095177
1106391031
2854883215
2288146460
1022712814
594510706
2189969361
2098891065
1095323990
455981895
1200597942
2132967243
3184655839
3684868117
768119839
541940423
2401892744
804467249
2839716879
2049089181
1635777498
119719775
3817823429
3883113729
3597766996
987548480
770272688
2010820587
2193969278
3490356589
450689870
220950001
2542607919
864963322
2285773470
3945790316
2281712908
3702767085
2814467922
2269175701
3038968244
169136156
1169347353
2742881548
2897629268
622629687
3928271556
1047265381
4136590348
3459865316
1366181196
64363264
1371786612
2100547717
1811481005
1032107750
718104215
3238580016
1998665686
3067721648
277545693
361952055
3254633917
3351295326
533897771
1961244698
837861638
2876562664
1881985651
4283200628
2883172882
3501629778
4417526
2768156687
4127348284
2144134271
3487404081
2035699760
3591388452
811712167
2187227791
254090120
1407710137
1484860638
1347006516
3697740141
3892545491
945862171
3547766773
63608545
591887036
14808018
1165301779
3438985263
2066419580
584853945
2288297307
4227387625
2699206178
2801866326
2538160284
1637424934
2903858337
2128968297
995580058
2635817237
1483140763
296932435
1014082743
1078250534
1552698559
666845126
3491044784
3028432253
1124511710
3303496812
733602571
163867512
2669341612
2875784104
1496667917
1865135876
729370492
378710717
2082197527
151267739
1862132144
2541118104
4125358343
2953854269
2843671713
2805868699
1440060029
4212014545
2919117326
495163295
1847902360
1160349449
512767977
2312933032
696877299
2383720965
2585152355
2415697029
1218800396
3314657126
4040320366
3390489887
125371417
3899623772
4124851112
1472365978
728421456
423047509
2585261322
4144569105
236572480
1889396230
2447406881
248214763
665162213
3974783112
621971763
535242823
1680993594
3347782181
1434853715
3968081400
1597490338
1592690665
3738285865
2705635303
3274057555
2937569456
1768004834
3370901860
1251359433
3494967426
4022756537
1716634905
1775986694
3558833084
613666753
304791968
1621880727
4246616888
1128134294
2420354372
76097042
440139339
1973868256
2022513728
809018396
3835551105
2422581696
3411284767
3207621174
3750772594
124236709
3013410629
4052850138
4160644205
225973611
3398529356
941474315
147243739
893008110
3961855436
4146299676
1399203950
2626342540
1559516551
4125794609
3203588824
3417842693
230676521
2449860348
1072955394
830353549
415106487
341200992
2639902142
1526417678
742240569
3962758339
3779029451
384669804
467946995
3219825762
1249328874
795944158
146388255
113953862
2110906381
1070522542
1493936285
1698067639
4028679500
1125583598
2564860491
427432256
1977742628
2362769033
3657087774
1432558733
3956865732
3823582969
500836097
3557692706
825197091
2223164664
981078545
550423243
1209985076
2540337521
1802157196
2561310750
4235873927
3625454762
1979409544
3715619548
1350952463
1355325918
3577613119
2142075465
3800286695
478976157
2368015554
2367919846
2146145952
3471035957
4049220675
2903516339
1518679421
278766922
2010787010
2636611218
583413953
847646638
4049194241
963368424
1623805350
649862307
2058492012
1775791445
3459883578
1542962540
2140978143
1902680924
2446454164
2818864989
2733877861
1945780925
3071204141
303801028
2033434363
3388986477
2316788087
2249240201
3179439783
2765400926
3759071335
3015755947
121436853
1077572147
1122100018
1291369666
4226878633
3908633058
2487096145
1397023462
4008617508
3869877615
838776093
1588758607
2474544543
2849225225
213607679
545500641
1611804902
779427605
808836521
4132824494
2863240661
874415850
4094196374
2488973927
1860511049
941158546
3193172281
3888070090
4189312648
3697852268
3621161058
132115103
658577157
4089500393
1769273293
2022733140
3250636050
269266027
2166626368
100537744
1971933382
569601038
1725663454
3667293692
1389254267
2171935069
493694328
1955827448
3266545821
824249824
860667919
984899276
3095800429
2871550641
1690845761
2846405191
2758423273
2255090668
2298787916
1009617602
407128430
1272650763
2058359741
3017751310
671307304
2144772544
113278144
2754172463
4198268704
3550524698
4009983263
1982056660
4133777389
3563400973
786953235
2518899385
184481608
815949795
1585333675
1019962697
2249566583
680829782
1705324126
908968204
403931632
1229942329
3792328070
1087530049
1705650126
636669448
1172684435
2275353175
3229400281
2270230745
3712539066
2210353811
1341539075
3661339747
4065089910
1357244124
1764778303
2287124480
1752807991
1539512888
344224634
4164053956
239584488
4161562875
4050013182
2238395711
3399813787
4131355650
3786210679
21507906
4205248528
781665333
2142149037
1628663667
2354532450
511260439
3976121695
2968679196
726348843
325449629
859806038
2060450709
112012650
3016294026
2241276607
1563918319
282717735
1308309898
895779065
1678037445
3360564191
4258137801
2598680228
3934800599
1949956481
1898076155
331451210
1117792317
2689723565
1142604885
3540872066
3994059614
2358626321
943654437
2062982400
2778424055
2252482258
2581090191
3371182196
3398035904
38996308
2512073357
1164859342
3916565941
189049545
3589838425
3833606822
3260560460
594835922
3771757151
2333701426
2361444947
4172478167
2503743129
2728027509
510696768
4195230476
2893170792
1218897643
3449425887
2206763142
1779548129
498603817
1440079920
2201380092
2423728931
2184309171
1514458236
3710980859
1510918330
1737462429
374840405
2336090263
1957331419
3564488732
397180226
2552803367
3847718980
1151691215
2433535507
1492716431
3009631742
2101131290
129450466
472543523
684625550
1336379471
3598497681
4030151489
3099925968
326866497
2495847766
332355240
2752777193
1277656320
4049628143
3987566046
2223431858
2772985826
4107772809
2029959714
4293295751
1613035871
3736295213
2528642815
2377544554
2517655558
1156873770
3554133573
1549019025
1816725555
3882363684
2162274969
3594165922
2690081288
342472979
3306811720
2314550363
1560863895
1834148337
2128240481
924853294
213726786
1598843150
1288571893
2292357520
795098719
2937163002
1045507807
1568316580
2267679418
2481548647
3546646919
3577030728
836714747
2077603753
3580332026
793391762
684878121
1168067512
2729170870
323693281
2464447949
2915841724
213330621
4154264097
2998048197
1835241332
1283871437
3969237536
1297760030
2900214959
3517558750
4019181040
1461005773
1811325319
1715438392
3909488581
4076749707
2873394200
1201604755
4117348760
558582862
169565980
3644331887
1300547572
598845883
1361781224
2650974941
2666553242
1060324470
2023669397
2738963185
3885975888
1928747631
3975100564
2570452698
305529268
857103815
2912741653
31265832
4010787755
1832117312
447848651
2220508622
2935874465
1678090709
2247453476
2644157830
843346625
2766600704
3025871234
2996220171
4046773301
828044735
1701616075
900016870
2875148532
1157987246
590525350
1214147672
4096382043
1339104583
613296647
2001673875
3827581372
2486142052
2539361339
44356702
72642025
3886741735
3262241005
2574929547
618648050
2960718529
3706988754
4206615052
1743085347
1293775443
941334337
1850519252
2053502292
3776054473
1073216105
2197210774
3835120698
2968610535
3219879880
1182918051
2970466402
1329301149
3572739129
2615514517
145131527
427173267
1739917923
1864223295
2244205117
70912206
830075546
1652281070
1373222591
3349400197
1570635039
41138617
1266156629
260524306
1230532246
2033036994
279545687
190657374
3490600189
2962672569
1561802697
2501829829
2374033061
1264618176
944308713
2772581384
604602587
201991944
1692422863
2095508410
3911699323
1385707673
2197812852
489243287
3806964698
68000897
2715747637
2076310399
1324335602
561418567
975131483
2682752342
1823016502
3140326866
4146628616
1040198800
2717790549
43150252
1592300518
449264654
4072270362
339757620
558693703
1891031249
167777924
1556989119
3817834587
2600983902
2139281899
1798261397
1071935310
1280693356
1244158196
3475271046
1455366052
3383131790
1206699627
123055414
97351740
274840281
3526108452
374685248
3998923067
3278826725
2252205982
2119659784
1902280165
282975967
4109633972
547357981
3993776307
496224566
753769189
1907124036
816576680
3128531499
1092189043
3898614459
1917609017
2067280258
2127743116
2842574900
2786559557
2707244619
498091158
2654645409
3251888878
2500904461
3846994799
154950598
4096404074
4091579408
1381783474
2486059888
2455462429
3342693884
3635077506
2261528366
3042685684
2538967060
2439695100
993258693
413775440
2517093221
1951899723
1556115877
2116889051
3273497544
2892429406
404604306
1480386957
4166754114
1000310735
3580788039
1337769315
3959547921
4084882956
1055374011
507497642
3080344409
3003337523
179725825
2352713727
2885249134
2679065831
3013651049
1316972029
2241973052
571355257
3532789243
383564786
1149681715
3330472364
1047520985
3241208598
3274532183
848109549
442697558
2785179886
1940488175
2747737284
1970755453
331715779
2778920912
3572585116
699468956
2577811552
2480656370
2549476970
3333027610
339686898
3177432418
2820382512
3139872290
4105837100
2541420716
651783437
1084486195
4146338686
545554618
2709705020
2042563105
856656345
755200109
4066096585
3181834587
432862658
4011044844
452016785
809984918
54409785
4026244045
3201220296
1355446069
3740854618
684436746
3260846731
2340999471
4058098939
2329193234
2200984956
193044323
125426612
2258423095
165842243
3597519451
725025196
47958268
3706595568
1092482009
948947529
1454330051
2313127986
715567444
3042283209
272067
3139637416
2684888928
3031294994
2408150640
2399616904
62710752
646235909
3261721554
2458611915
4053205311
4098170668
988359300
3489229829
4269481160
3904986384
2733350289
3978544438
2445456061
1390775917
1511052029
587524724
2448001217
2259784064
3847058631
336297279
872203236
4055310751
1733841298
2454192757
514098838
1395472855
4055161101
1087972976
1885939918
250104581
1217333501
2118008619
155926185
3706778294
91680465
360108902
201285324
3907091305
3497714879
1216711169
1061991718
999003857
871223602
1313601618
3551999132
1670384206
1938013827
4212023919
2172806947
683872753
1454068096
3446728551
911576624
3752579584
72292850
2192518671
2985996803
3149617626
4214554897
1767745918
1343981314
3014504337
2917419942
3602513629
7127722
1387321959
934679118
2322658557
3753393485
425422528
1725706260
3558860836
1095300657
3484926845
725796528
2167567395
1407759925
1934155531
1098166109
3922035606
1920898100
1784511105
1390831981
1087498316
118910238
3779732716
255843231
3001255150
1733721545
146647072
2436804628
837125362
3116052936
730799481
28274009
595861215
2287568018
3340002749
3854315188
1099934925
2271898025
2222875346
2997018336
3823639581
80592743
1692400041
2489354704
1597782109
1262960052
3599911644
1661503416
1916927783
949007641
4294913262
812872637
1997193836
2330456288
1663744772
2642836665
1905524271
1086075890
955128625
762641671
24994436
1430591575
212810204
4264053522
1635096732
394114896
1812694715
2878615720
2025724418
322102350
3664966788
3346336682
1684630560
512771976
1928027293
2241994826
3309845330
4281025182
573843950
3041329135
1859280869
2013497745
751734133
2201448263
2846780885
2884220097
2784100447
4175098767
128525728
2895338044
684709429
1658178492
3987038218
3694178776
3564390053
496375782
978746858
1350200186
2117820397
1972115282
753120269
2717273192
880226145
1405401479
410760298
1208082719
2168136786
2044196472
3325995139
2468055290
3960371037
198277649
2536154794
3448889887
3112756182
1438249936
2806835053
90170781
3880078848
302146345
1631927857
2410104851
2949911831
3697912278
3971787869
2803093813
3255878949
475193361
1380817352
864771878
1445884110
3128987228
3415890272
2565038589
3989594329
1154471210
475799030
4084614957
1904530967
495088975
4207755001
2518223189
1509286350
98087045
1948433374
3842975753
2467305396
2864500089
2525476786
209539490
1639582195
2432831306
1147892972
1180024131
1758806649
2843140192
4171408508
3311419893
161077223
1420148148
982274509
1713432802
145896445
3881767795
2085070169
3862511510
3512724652
219581972
4219973199
3006379987
2093325423
910294860
134265624
1627047661
2146383224
1775706974
733611096
994831037
571088977
1859089124
3143719282
994931936
3492999367
1613894663
1627981890
1226198251
1105663307
1231969557
1016834684
2388756981
2335935527
1051383985
3319509693
2180502538
2931209344
2618930115
2148654695
1754933951
2755802431
2096340361
3841303315
2224355875
124941614
3477945917
2950054822
4233540575
1191368143
1439251201
2425665977
490531034
1276782113
1330969643
4134132931
3445361823
699830358
2384183466
3600793932
2988073242
2200444160
2773391351
