3727655070
3745612933
1261665584
3681330156
901769755
1011488285
3248461773
2413224372
3469259473
1205817918
2220694067
1451632515
3725681690
1686556911
3705053997
571842363
2229770474
584892147
3357588399
1250059479
1208724547
3682161351
1363484644
1547939055
1691138523
3699451628
4235021767
1014266254
2289785844
1987404119
2265253932
3327961825
1516695122
3926803482
2010732423
29283336
2897235389
1981579325
243239335
2742765478
3229158400
447189732
3504825796
31813221
2765592311
2216510718
1284976337
3636481113
2128943733
2832280012
3100539469
2787170542
385145678
2571429573
607993346
78416665
1370673817
2071631483
229727624
1923898913
2599935053
2104566871
577300402
2929351507
1306900593
1259377127
4145144982
4258483007
2869233908
3191319878
3428430260
25668432
504814406
256184740
4130736553
1649617315
2030800177
979709588
971774095
3111118725
1254064841
2104207290
1765055581
1719623108
2500257172
3797271130
2867698410
664863645
2049627686
3639064643
1109209478
2310802171
2925460731
3665399331
3298902414
4044922160
1402129615
457344577
2700124977
1173904672
3312332779
2841741273
4152365260
2191671554
3168349028
2336357630
2839736962
3635025095
2235523362
2049507539
387419415
1408866598
347799816
632738584
909519716
2305757500
3406782990
2606561681
1551247275
768076634
2736597598
3653883763
3994122017
948506017
1337437168
2796992204
3299670636
1315888307
4015539327
2034097905
1070146850
1745118378
2134916497
4040773972
597131436
2646474193
1133483906
3195374746
928160910
722849420
2023112902
3741384721
3485829220
3459720607
3583303462
3196839879
1906558324
3235399906
4202311665
3564483710
3780600258
2078864281
2711017337
3555771091
434078542
2386693666
304884205
1483668190
922142061
1701273103
1486403862
543405210
1609504318
2901748263
1865948744
1033060739
427842485
875414188
237318609
1972052151
329757569
2424483014
2426493493
454885236
4291055138
704728003
1491866870
106373001
1380951811
1145420105
2920306167
3915603016
626063735
4209953260
2267478231
2677195100
3834832863
3609133638
530833762
1998695124
600424999
3136706274
3898319315
3383022914
3505427099
1763904619
704172215
4006958296
1851715769
4191233962
4172685202
1229272786
1135746739
354126061
2835218103
2845466320
1408641279
3000993585
1142716460
3305507222
3718545704
621422871
1297391359
2886007433
1372348894
3121389099
1380024315
2408442050
535599917
2700968874
330995347
422141361
3532280964
1898115906
235307488
2293863182
2603315746
208855552
3063855792
349330992
1060402495
1015479278
684194721
3356573024
2912437722
4154937037
3203460818
2875612606
3498205418
1683861813
141134527
1246466453
1055784201
1812049374
1780109613
437591727
1241618315
277486162
1700887646
4044643440
4053232275
1349483609
877161673
690828640
1241713759
3551932158
1611313762
4225780772
4251737132
3578457460
2040919179
3611072760
4197629075
568023452
4110455131
1177935826
3675679254
4106240302
1949023365
1630625550
1577945746
2156804274
4105476491
1578319426
1653347914
1797966525
3867198924
1025236573
4044798931
3384998538
3762394062
412299680
3725101655
2976276135
1097462349
3406968952
3516571212
1725671603
1236889256
4027034930
2300035518
2475181045
327694547
4099827227
3845520480
1888965455
850930648
299219251
3676646136
3831113877
1359685092
3399044335
3123327380
2853672788
3935409014
3352652624
2480245636
2292258879
2059921496
2971574251
632297294
2113099984
1319247094
629896135
2041668797
3350285704
1051532060
311107625
2464366252
3361725743
3997581084
224340367
4246972894
1271238841
3313460280
2437970628
1591073049
842316880
3184533673
3319034166
3026863185
996263331
1229577136
3225084222
2262626984
3246211657
963423364
3189166403
3328304031
2860415035
366585794
1267669113
3733804651
2077704849
1630711178
3505633795
3715647297
3376110337
530369979
3380607946
3685594584
3975063349
2454884211
3968290261
2410932568
298725389
342008579
1111002469
784582193
2966997078
1292857606
1471494821
3629058721
172150148
1588995435
1914650466
3537154616
1779850964
1539926125
3433597447
519898066
2775129669
1481152478
2230763680
2741064222
3625574338
983483951
2534786099
1469898123
2827220857
4002670206
280595878
558362335
1121696956
3601135718
3305749873
63624657
4077813588
207630279
821813065
3189427963
2705668373
2272197830
3173379488
1411341394
163315769
742530266
2899955794
1879968791
2246659484
1106674208
3999722727
874237762
3717428209
3665546221
2131920387
3066958457
3565557191
760548766
269358682
2267883451
2284180264
4271135268
2152442953
319218335
3439477139
3096510198
4002029885
2557420860
3094968614
3781760798
2307756220
683700783
2145749063
370623605
242411418
376068131
952594588
2747518221
3115371379
1961812541
4259288693
2375650033
1877410325
1329924104
47389389
590039112
4185633693
2907643435
2460562974
4026500763
4260061306
2097311561
3876307551
3932118546
2926631978
3602308650
3558541839
877232648
2425344444
29585792
3571164421
212364049
3024348710
2182244070
2916117693
3380364291
1886812912
2194047942
1022334706
1020079957
1225099578
2490099363
2995824052
1898124781
1986155240
957096648
3807900311
875798849
4025683716
3011546302
1834014336
930504893
2606110956
2460437783
3909065893
79772427
470239229
980977789
1196473740
711824390
2125834380
3160493834
2298513599
615088575
3470018776
4075252969
2826912452
904927274
1120374128
3369670251
457029066
30968826
3251878358
2801840075
2769102767
1123292153
3162604050
4288262530
903291147
631622646
2030390341
1602955111
2838960929
2250094297
2357183743
778689050
3399123794
2102456990
3711439401
3121221027
3313946729
618166991
90849892
2700049055
58348521
2899405981
1039665278
3880751401
2370598710
2980593689
3634170288
1251421411
840762695
3583226798
1963368202
308788111
1543128454
3399125734
2439684745
3938881608
622497046
3703398744
1165191622
2059200724
2363905856
1469473560
886800817
95929883
1912854412
2016992543
2690702401
387594595
1975761103
1081648483
2878239947
1136713764
838580075
3501482383
159098173
2437050496
3277527309
2950526642
3200407078
3867400974
979647865
2507715965
3082837674
1427050650
730059083
1077933688
659914653
699989082
1787217695
3421673308
2215326152
1385007653
2143989551
1480396581
2183587699
1012376963
2888126884
1388329559
3962003094
3106043384
2278272295
170613971
14496332
3161461315
96562089
3105512589
2923638079
225616221
3684135503
450164059
1205124271
1673752503
972737766
4113752439
1346128995
1239209075
3011427597
1830792500
4090706978
3988585258
1342767581
2432584577
459174480
3198294317
1060733908
3811831640
4141516219
3907289292
3397918472
4259949878
2716083128
2524911408
1819508222
3240143516
3225038787
3063879754
2791383119
3789883817
3972051412
3831422700
1618807269
1453809000
3172671913
1438544154
4126040924
879738261
2458697662
3581413180
3598666198
3007609695
1899546276
1563057399
3969124290
2047832563
2459142396
2547003393
1164432475
2631047710
1256978914
4060941812
2645506214
193856989
1198886120
2514855758
1546255010
3130211732
2126651828
68264037
2637109497
3392847453
283299717
4036487970
3608638197
2791553000
2161366085
37518833
1515669081
3635775879
3629937489
596010615
3710565906
3114149181
1049869459
3698727077
1442155490
1639916510
466932784
3052461241
425254235
959471
1091962314
3645150955
1641668410
433698762
2852043148
1979594463
1025284132
3542367875
4170397525
3078239204
627963384
1328063263
3310579499
1853626236
3974901050
141919289
2380395368
3967395931
672557160
3456859491
4291339025
4011820852
588627239
1885502331
2886370779
2344165659
3542307966
1974567865
1601753732
1250058578
1265964408
4081892433
2166002442
3802398758
1570249270
3732781280
2272034335
857271930
2927607831
1539270442
3385783192
3165328799
729538921
482630839
2049676016
3620153204
2638209676
3208744704
3262006594
1956529334
3069304597
670844192
2557953754
3319566153
2029769063
811668731
4258547953
3417182120
2590168013
1160981246
3569693066
2716961054
488277561
3168705444
1820042811
3569552490
580703174
3212145489
2067546022
837802538
3083094952
2504806478
934880763
3068669121
3454466470
3837740082
2166966069
3749297212
695453945
2134673423
2850289881
2808134844
1607238350
1669075128
2460094093
4103084912
3624781661
826971791
1915410365
1544922785
556437866
1281129461
3065475888
2927849263
2857701979
590397461
2791708294
1071348898
2579018347
1802983922
1314016360
3503583408
1183881044
646848648
2716559384
941062041
3332175277
3133982954
127146042
2549237201
3344403376
3923955660
4010918344
3541807629
4162844984
1147539373
501309687
1570047975
2827842769
1454656895
1875778241
2972378789
994401964
217063054
3067114851
3999047027
1222916789
3019252436
3220583119
1817237050
1282052222
3647542512
139858403
3153744251
1309210634
3196829747
4287748508
3066519880
1315262009
2221895969
3803206946
1599304550
4125733879
3532765214
3413259817
1236307270
1716710646
2506692238
724602273
1607535050
3902569150
1947306868
3514465664
2040592674
1643238187
3710200864
1935728778
1040791163
2487228337
1275797581
2511085825
3152673212
1665467649
2423086724
1540731521
3282271304
2795890608
1830800484
3238706372
3237783294
4266614363
1253036267
450860421
3756038962
2484079848
522453245
2674421379
2550966131
744022752
661005122
2686612974
1259515567
2252553511
4177016243
3923398441
91004373
1969861078
1556783450
2161535601
1879984963
2548094528
655339104
2402495591
2200769883
1380730311
2124002957
1798562839
4158914212
2394024320
2426476894
1474249241
3253462644
301182736
1276476637
4277594576
578023775
1783410698
200409426
3173432316
1039854831
1940665343
2132221153
3309634505
1935304147
2475492144
4102124552
3128757362
4034711764
3339646824
4218599088
3624249407
3203424598
2504617006
3886102978
2920953251
1869609817
1171923869
3386823897
3564388207
1235683428
3259838389
1929669201
3876444190
721100143
3468725125
4016401324
2192821652
601717216
667470849
3442754233
216060216
3870960464
2762243014
953677435
4072744745
3888833117
3955031021
2661861977
1330119196
671300832
1890601239
4089380528
831869199
1847939395
2393436996
569459205
1627834859
1663533604
1537716849
4032036925
1743371827
1115832849
1550006286
4106077945
4099121433
1668303775
1222333838
1364144167
2444151814
3861584107
2948986641
2579680081
347499465
3512959968
1970420247
281273196
2824928131
3110627183
3940655144
3858312604
3574575359
2141639901
3172984023
3670908726
2370831624
3547696294
905208929
4285475713
3885566376
374589663
1604840002
4174555017
4055894373
2011737945
2635721260
586442551
1354631869
895118173
1371381032
1133025594
2232497554
3164492490
2623579183
3274729509
982030479
1059391499
3612477299
3184221273
3613251747
4233160110
2308318769
2580766562
1925640895
3199732742
1687155763
2481138867
3135650205
1205942177
2277841976
1123048652
1892499244
3435342196
553991474
784923679
1815084816
2308994380
3638874009
3325909925
62652189
728855139
3787137187
664447299
3294302496
1234916238
3825310493
