9330
7362
689
2923
8062
6695
2691
8252
3111
5400
3587
9169
2624
4372
235
3389
1103
6860
5994
1285
4036
2657
8299
5166
81
8281
958
7677
9643
6743
473
8973
4106
1162
8248
2168
7857
940
6773
7320
2692
360
6489
5316
4732
6724
8706
2188
9937
1052
9825
3973
3709
8125
5491
142
6406
6450
7820
2401
3193
8293
7726
3651
5808
2327
5820
17
3267
8945
7338
5959
9305
3827
7627
389
6904
6333
8929
6841
7386
8755
814
7447
6880
2658
7590
9638
9108
1762
2040
8653
6407
6118
8657
2215
8445
4477
2233
1712
9774
9571
4023
5431
9750
1651
5820
6654
4336
1102
9847
8074
9857
7014
5522
6737
9672
3112
2727
5132
1226
4767
3785
7633
886
2442
9849
9331
3271
8434
7396
3045
4357
7771
4828
4107
9422
649
7114
3759
8103
6961
1833
7960
3975
3707
1049
9999
3171
3776
5131
4397
4896
8917
2031
2134
7711
8232
7817
7335
3018
5213
6732
7375
2985
1561
7834
8759
8562
1300
8870
6665
4614
704
4625
8589
4411
2026
4941
3935
5802
72
8332
7050
5341
6715
9184
9405
4947
7002
6740
7965
8567
3472
1692
7904
1385
9527
6664
6299
827
5534
2964
5441
2590
3941
383
3354
5967
5324
7289
8122
5396
5621
5172
7090
2337
709
6495
3636
7711
3235
7954
2630
3059
9646
535
797
9173
3551
7096
6353
9085
61
8146
8028
354
8529
1382
2674
205
5023
796
1954
6996
2320
9044
5685
3029
5539
9322
7092
5126
3628
6075
4537
3274
6610
5334
8800
161
2431
1505
5598
8844
9651
9978
9198
4533
1360
1872
4738
2735
9020
6692
9732
7693
2088
5417
7074
7627
1091
4167
9105
4719
242
3643
4346
3204
5329
3146
9717
7760
4651
1667
2956
654
1646
8507
5187
9358
6731
9926
8446
5752
2970
8178
9797
5059
9947
6871
9038
1039
1038
4496
2110
7632
8139
6456
7188
9820
5954
3257
7581
6957
4925
6889
7612
2923
5396
9151
8633
2128
9077
7079
4232
8400
1609
4029
9811
1557
900
5201
8948
8291
9697
1058
2275
4188
3867
5816
4009
9821
9073
7942
6779
350
4831
743
3273
6580
9894
8259
8708
5324
5338
2940
76
6948
3321
9887
4857
4221
1440
3805
2512
7490
4863
1140
8030
8730
6956
8391
4904
6029
6333
8035
6380
7517
8778
6005
449
5024
616
9157
348
2307
8449
6776
5607
1770
6663
464
2343
4456
4269
1208
1946
5484
2348
6328
567
5656
4720
1823
1685
7405
9858
4417
1274
4988
6775
1723
12
7391
880
6713
9698
5681
3489
1657
3803
6505
2121
6147
961
2742
3707
9259
8227
2407
5587
5146
8063
307
6969
6100
7713
3179
518
8987
8167
3645
7063
4531
7388
7943
1244
3439
9977
4734
5096
3780
7591
7218
6279
8552
6312
6338
4163
891
8745
9750
6037
6808
58
9358
2909
4123
8889
9779
9462
7056
9776
6525
1588
7164
821
9184
6955
798
270
2052
930
7861
5622
3562
2765
1934
9900
6928
2826
8646
6679
5215
1806
3089
4574
1067
3564
3463
7198
9378
6872
6974
5904
4812
4139
3077
348
1094
3875
619
9498
1157
4832
5120
1071
7598
7055
972
4526
6233
5970
7557
1448
7776
6998
2374
5196
562
5838
2394
9941
9062
9369
2197
3874
9860
5274
4222
7306
5501
1193
6805
3010
6026
8277
4082
3624
1684
5054
4502
7917
7376
8412
9366
1504
1762
1740
6700
2325
3930
9095
8618
2992
4816
7167
3218
4676
2441
3793
8334
4294
4986
1491
7304
7364
9769
1386
7340
7805
2792
8195
5723
168
6607
1441
8025
8369
9533
4725
7046
3464
172
2016
2808
1340
9183
2379
6016
1624
6172
703
2270
7510
2194
9575
4875
8315
961
2215
6121
106
410
1844
6626
3369
9637
4651
8091
9170
5729
1489
8986
2253
3506
1795
3594
2689
4174
5962
666
6698
6665
2936
560
5212
8863
5435
3527
6177
4003
6000
6283
765
4196
9261
487
3833
3913
4930
3004
5994
6419
1990
8247
9925
137
8193
8967
663
4156
5985
3713
7173
5273
4274
2385
4137
6061
2265
314
64
8265
2949
7182
2462
2210
4021
2647
2475
8951
5651
8469
5370
3994
3069
1648
483
7614
6967
7499
1770
2952
1212
5296
4577
5486
4033
8714
7900
6298
5380
4316
916
8329
1498
9730
540
5519
2377
9367
822
4381
4189
6193
4727
7258
4193
5210
1224
1160
2709
2995
464
274
4643
5041
2112
8676
108
12
4975
5488
4329
2243
3818
2179
1973
710
4051
4350
6429
4873
5083
618
7418
9810
4228
1611
1373
5453
2771
434
4800
3235
708
9443
4629
2821
8119
4737
9185
9446
225
9866
1689
395
2046
14
7457
2449
717
3887
3674
5800
857
1093
1963
5086
9056
3336
539
8180
122
1691
7767
831
1134
2396
4
5605
3485
9189
1404
3711
5408
3093
458
3806
9460
7916
6255
177
8155
6281
2329
9012
7374
4292
450
2783
3980
7341
963
4103
9032
5082
1286
6518
7479
7642
2124
964
3183
3528
1027
8591
2973
7838
2397
2433
5754
8652
8962
261
4934
7644
5625
8660
8288
6076
7795
8621
3417
5110
2724
2450
193
362
8968
4024
8004
7444
1340
1187
972
2368
9779
298
206
8528
9083
2312
3533
4398
8925
8467
2042
4550
3479
330
626
7627
8951
396
2737
8027
2846
2930
4741
8166
6954
2745
5611
8295
285
2935
7015
6416
9585
3573
4944
8669
2237
8477
3067
1162
3296
1461
2064
3128
1791
9043
755
7095
9439
3492
1474
8637
2775
6216
3155
6081
5313
5118
728
5598
4406
7743
8366
3991
7668
9663
9012
9905
4492
2079
7419
4141
9892
5836
7269
1684
4879
4376
5131
670
4220
6605
5659
3347
2821
8814
9429
8135
285
157
85
4691
4253
8452
5034
1921
4467
4047
8179
8959
2478
1950
3100
2371
7786
6721
407
9017
7449
5538
6039
8022
2143
8050
1369
1317
6865
798
5804
3502
7308
5889
8193
1561
693
9579
9834
5160
3626
8013
472
6105
6316
3572
4828
4102
6646
5235
9472
4095
7125
1863
8469
5620
9914
9839
6937
3131
6989
2741
6633
4297
4983
1178
2210
5676
757
2045
7189
736
58
7661
3193
6374
7585
8021
6829
583
9608
2653
4679
6733
868
3148
2353
782
9339
5643
265
2681
8384
3250
6978
3367
780
5541
5396
1538
7586
8937
8626
3996
2950
1819
6723
535
6192
9904
7471
5800
8909
2150
8885
9777
1650
7590
6912
7342
3233
7177
23
1618
428
3353
1337
1208
8894
3085
9098
2832
2022
4076
6829
1324
5895
9904
8212
2087
9808
5683
4239
8717
4185
3124
8494
2187
715
5406
9529
300
8936
5904
8270
5716
9258
9608
3276
4504
9045
8727
7337
7420
2803
518
8744
8699
422
6956
7138
230
2639
1378
5299
3176
854
3793
5364
7921
5552
1245
4574
840
7150
2844
6556
2760
2452
6184
7264
7850
4911
953
5270
7715
1471
4014
2766
8245
7323
9904
8475
6314
7634
126
9491
4841
3920
1207
9114
5824
2452
3688
3016
5954
6533
5924
8714
5337
2108
2331
3187
7020
9636
4809
4735
7460
5176
3853
5705
2499
3757
4181
5165
7744
659
1008
8937
931
8567
8051
6755
1020
8092
6123
3326
4625
2047
8393
6314
4156
7076
5854
1176
6712
663
2263
4172
2191
6116
9878
4690
6225
411
6208
321
1070
3568
9258
2002
2136
3662
5109
3156
1754
1233
2834
2731
9632
1227
9045
3788
8303
1251
1316
1368
1915
9931
5540
458
2399
1770
1501
4977
8533
7709
5298
9604
1277
4557
7958
3413
4571
9419
2921
6325
7004
2108
9056
6637
3335
4453
6777
7991
2057
8094
9359
3972
8025
1251
782
6777
3022
2283
1754
1555
9992
7052
7511
7622
7961
1821
7387
2532
7593
6661
5209
4597
8769
617
1234
2104
1423
8012
6447
3480
2458
5806
3804
6835
7058
4586
3612
6432
6870
5366
4339
6862
8771
1851
836
3084
24
8224
1969
7617
4885
7178
2215
3654
7796
9801
2110
5571
4165
8558
9051
2975
716
2855
9811
4126
7441
9775
558
4311
1494
4898
7526
6617
3101
8362
9701
9477
6586
1670
7095
7823
5201
5662
1477
9349
1815
9940
4920
2333
4850
3971
5308
5566
6826
1471
9693
619
1247
251
4931
9093
1501
2457
5710
4602
7171
5411
4080
110
3434
7527
7933
8635
9541
5763
4336
1356
5703
9256
3689
553
9579
5350
6119
6405
6821
2164
3376
8068
8768
8307
7161
269
7116
9223
1224
640
4635
1656
750
4421
9183
8683
9408
5076
4446
3744
6432
6501
9352
6474
7054
8931
1824
9526
1688
8645
8042
5064
3066
6810
3372
6579
7080
6840
5803
4656
7480
6790
6312
8230
7563
1847
3266
6971
6923
4064
7067
9707
566
6419
6181
3972
5350
8005
9850
3390
3003
7893
8454
6069
1055
8178
9000
8135
5019
4803
9143
8851
7945
5455
3434
5508
7302
6700
2479
577
7116
9546
285
7682
2317
6466
8007
4019
824
7857
7409
3827
2102
5864
6248
3158
4042
5248
7645
5413
6404
6789
617
4349
8596
4051
9858
2251
7103
8689
2828
4219
8236
3113
8254
6905
5932
2613
925
6756
470
8334
6935
8925
550
9535
8435
4593
1135
6080
6358
7539
9221
3327
8241
7818
7378
4451
6421
833
3140
9249
1405
7728
8715
6011
4634
4647
8624
5559
7755
5446
3893
1042
723
4444
577
9158
5389
8064
5239
8099
1956
812
1427
197
8630
5157
4648
5051
2343
7788
653
100
5517
9368
6111
151
367
1087
2062
4474
6533
5955
5516
7257
6751
2445
6415
8492
509
8006
6592
2465
8819
4371
2662
3801
5880
3662
5205
8223
7803
2210
8323
3320
7930
4434
9823
8297
1873
8237
2771
8407
4192
8287
2016
7296
732
4783
5788
7593
9142
8732
59
4313
3103
9073
8114
8984
2736
9671
3559
539
1881
1883
211
9811
2669
6386
4460
4543
4623
3583
9302
5167
1870
7670
2463
8954
2453
4604
6548
1595
3336
2959
5908
2792
2032
375
8128
4768
46
1687
1659
8280
9922
1870
4443
2592
8256
8904
3487
9231
2487
9141
4399
710
6811
3214
6016
9264
7818
8916
7212
7507
8227
9472
6651
260
9847
4779
1380
6246
2818
3040
878
2741
4910
1673
1685
9519
577
1524
5102
9417
665
9501
6479
7476
2716
8847
3092
6886
4116
304
745
2343
6129
7396
2603
2328
8527
3984
4926
1346
3376
5804
439
8286
7478
2124
4157
4407
0
9260
176
665
5113
3007
4493
4181
1855
7585
7420
5971
4242
8165
4666
371
5562
7270
9051
4089
7606
3978
1787
982
6134
2226
5620
3612
702
6130
4372
702
1742
4548
7719
3207
3908
2212
7389
5763
6150
4809
8086
392
9326
2752
7115
1240
6374
6166
1682
3980
6496
3469
1314
2631
2048
3287
2595
9102
9417
6967
6157
7511
7868
3876
718
1776
2441
8107
3891
8591
9268
1977
8983
4947
1081
2450
6187
7456
4968
7869
7788
1465
7691
5455
448
6091
8742
3043
5193
4511
6363
1350
2022
4231
5227
2740
2359
7668
7200
2602
2611
2820
4579
1594
7767
2012
396
307
9468
1716
4528
3609
3181
2219
9064
9981
8310
4158
3025
9856
8669
9388
1206
691
9971
2785
3431
8682
6805
6983
1284
9416
9804
2215
7362
3923
4227
7758
4230
3696
9475
8759
3657
9008
978
2721
8990
5641
3231
8367
1849
1900
7755
3055
2591
4078
2193
2374
2760
8998
9358
4044
8415
5514
6259
5777
9437
6838
9888
3668
534
5715
8779
543
1075
9757
9616
6417
1750
2847
4784
3599
4747
8891
3007
3690
2969
5200
6065
2081
550
1775
2477
8965
3641
5088
1095
3078
1927
7335
3098
8813
9402
1877
9357
477
7987
8973
6895
6089
8173
8031
6041
2920
6923
9048
6611
6244
600
9028
4678
1150
7155
7155
6468
796
8596
3915
226
523
1250
9677
9336
652
7906
5045
7481
2245
371
4376
8335
8544
2408
728
7816
5683
6128
4427
1927
6728
9807
6605
4230
6962
113
7050
4110
8709
965
689
9232
8567
6718
4920
9219
4624
6318
6701
3222
6689
7429
1557
1585
9837
8637
9401
1872
4765
3829
3800
7845
9988
6757
2075
6951
6870
9126
7413
5579
6443
4454
4811
5011
1172
6084
4230
2149
2402
7283
5371
5443
1065
3280
7028
902
1917
6429
9127
3034
6610
2927
879
6599
9684
2954
9902
6555
8432
3667
8486
4876
8122
3298
6239
5646
5734
6821
4147
8136
4105
5870
9931
5170
5502
6959
2424
7419
9740
1551
6805
6351
830
7684
9302
6867
6991
9204
3422
5423
9223
1908
6651
7345
1558
2890
9344
3644
9712
3491
8132
169
5714
8063
1691
1216
1374
467
4988
1115
8371
1793
7466
9201
9478
3120
6068
6469
2324
5842
8244
7899
4103
1248
1597
2013
490
941
5658
6554
784
142
6723
6498
8206
4766
7715
9580
5234
2703
7047
9957
848
4513
9158
326
3985
1579
3147
2661
3773
1392
561
7876
2640
2158
6242
9482
3099
8252
6037
235
8394
2760
6734
2952
3879
801
2533
5465
9856
9580
5422
704
446
932
1031
783
8863
4178
3445
2637
1922
4006
6865
914
6164
3107
397
5615
7711
6434
5850
6106
5546
8936
9058
5777
9737
7943
1242
9593
3876
3016
298
674
3949
7681
1457
2812
8211
4902
1801
6486
5260
8667
7400
1424
8126
4149
7039
5838
6935
9242
8296
2482
8178
3706
8259
7916
8002
5854
3861
8230
8870
511
8904
9171
8192
6713
8336
2756
7968
137
9242
3228
5156
2994
4653
9635
7144
8044
1825
4079
7286
121
2913
5465
179
1173
9733
8181
3379
9946
6411
2249
458
1667
1421
5002
8381
9757
7758
6349
9894
3352
9577
1403
6347
582
1038
9843
8627
2863
3922
2265
9336
6836
4082
9515
4361
167
7697
7740
114
460
6341
6924
8480
7762
1926
6861
3871
6037
9562
118
9389
5491
1521
2088
2426
2559
1931
7405
1774
2206
9670
1110
9042
105
625
9755
272
4674
3847
6738
1487
188
3662
9967
4303
5589
3180
8174
7978
2742
8292
7367
4585
9813
5808
7011
8724
7739
768
498
9945
439
1608
5339
6896
8586
1446
7168
9612
5293
3907
1099
5482
7569
7418
9785
9510
598
7959
7488
9692
2604
1208
4278
8769
3368
7641
7494
1107
4762
4344
7405
5201
2305
9096
8449
891
543
5617
6855
5836
5876
7955
7670
9798
5373
3807
5660
2324
8119
9501
2016
723
7061
2646
9492
429
6640
6986
7888
1402
7683
5293
2955
9988
4390
1404
7231
4933
3373
4086
7121
5602
8393
4792
5400
119
8599
7412
2443
6718
6913
811
3793
3974
3458
3286
755
6450
6624
8644
7852
4307
289
807
647
1031
8563
7878
2316
1936
8317
9438
3890
6710
582
9290
3181
5533
6703
5624
8604
9968
6436
2397
295
6246
2035
1050
2696
5012
6046
6900
9319
6336
4059
6319
7367
2622
549
6036
910
8866
5474
4801
1929
2408
443
5110
7941
3498
7087
6545
9819
9875
5295
114
2473
7330
7516
1521
2342
3563
8421
8014
6251
8832
685
9970
7806
1234
6006
5068
6453
7832
9869
8382
240
6665
9844
4534
6515
3283
7431
6334
3158
2726
2800
1983
6409
317
3504
5103
232
8277
9469
6483
7109
154
6453
4915
7741
2460
9984
4194
6644
6205
8928
6885
9222
8772
1419
5738
2056
5202
2072
1566
7929
4873
3550
690
1542
7054
2145
1774
5332
1615
8257
2441
8121
1062
3709
5862
9874
3693
6408
6519
6250
5336
3404
5473
4109
1175
1211
2517
6377
9635
4083
658
860
3985
1348
8754
1040
9846
528
2724
1461
5137
1517
5934
6200
5226
1797
6074
5271
8205
2593
1522
9894
2349
3347
4003
9876
910
2872
6254
545
3307
3264
7758
7293
965
6512
8333
811
3393
7409
8624
8530
8926
4558
1082
505
2707
3509
5776
7265
2454
3650
7159
4804
6997
7514
1032
7907
386
3638
4805
3693
6903
2563
986
7868
5427
5671
5031
8820
9432
3655
3703
8359
8213
4785
8864
7273
4646
4640
4538
7101
8291
1697
1905
1640
9211
9289
9548
5949
2928
4353
9642
9831
3268
6981
4051
8695
9004
5434
3868
8437
9089
7571
6796
3654
8708
2012
927
3355
3004
5465
456
7647
3514
8713
9288
9077
8002
8836
5026
7282
9541
1021
7113
2809
4354
7516
1504
3358
2950
1724
1795
8391
9295
4943
8398
4356
3307
9325
4063
6312
1143
871
3959
1009
9584
9599
87
3938
4787
1465
1221
4328
2486
4686
3489
6840
8555
1346
6551
7857
3070
8346
6249
8718
9642
4647
9426
2949
324
3489
5613
1467
4360
5925
8829
296
5524
8916
586
6664
381
1807
7344
9220
2846
834
6060
1401
2180
2611
9258
1602
7310
1859
320
3304
6506
9746
6253
3183
9587
1867
4650
3947
4144
9831
595
9668
8747
1182
6332
5481
9341
3677
4701
2187
863
761
3588
9395
9725
9199
997
3387
1058
7670
6691
3917
3768
2944
7100
3356
1163
8102
3655
5307
7934
4251
1328
3033
1785
4012
8514
1126
4041
3215
3314
4904
329
3254
4299
6406
8805
1649
9793
6216
9319
6484
133
3087
5780
3585
6443
3296
1687
6451
4955
5973
7054
6283
9007
8839
6648
7521
9965
689
737
9631
1946
7418
9238
2597
3824
4395
4246
9969
611
9917
6453
744
3005
8585
681
5800
1881
2369
8603
6837
8342
5657
9472
7349
848
2472
1223
7166
9514
8312
6797
1460
5730
2387
409
5906
6783
1008
5875
7394
925
8680
4491
282
7265
5172
2435
5499
3893
7390
8688
8588
3048
8160
5937
3896
6985
7160
1062
6499
1824
4212
4311
7554
2951
4720
9812
9734
2080
5687
3481
9358
4367
4324
5992
7985
5848
8427
3484
6094
5818
2172
4682
5218
6684
6971
5466
3669
4132
2881
168
2308
7093
4479
9863
6396
5552
9675
6131
3984
1715
5964
3342
2434
6640
9335
6771
2488
4114
255
8582
6284
8779
3264
7854
5464
236
3321
5485
720
6202
2006
3028
9647
6485
9243
6043
8389
5271
8526
2374
3338
4490
2068
5772
1130
1403
2544
9971
1870
9151
4905
8154
7931
4522
6009
9747
1110
5682
5232
8182
1884
7238
7562
7883
76
6806
3926
4817
8429
2453
3543
1767
3295
5612
3891
778
7015
6435
7101
5237
1939
2006
3392
9870
6528
5753
5969
7638
7787
1201
2172
6023
4792
9735
3906
1220
2893
7832
6037
1322
6637
9581
9441
9933
1545
3332
7063
8560
6120
4164
150
8059
6170
9894
4281
9051
5647
250
3041
9786
7803
5214
5809
8947
4949
9715
167
4194
3899
2557
1868
537
8490
1309
6822
35
993
3885
4947
3465
8049
5097
1524
571
4991
2157
9622
6990
8759
2664
6776
2915
4230
2585
1862
5531
2300
8382
9725
6200
939
1593
3089
9429
9254
9911
5816
247
3796
763
65
8197
5861
7941
8768
7204
99
4743
4195
8858
3759
7323
1773
7989
9909
9988
9872
8561
8370
9597
1113
9309
7542
4202
5090
6796
4113
906
3395
4261
1669
3460
8810
3882
1402
3931
7439
7853
5026
1634
3063
8785
8957
4837
3126
5218
1177
2998
3780
9547
2595
1245
5208
6489
5448
298
3285
5913
7556
3032
175
5577
6493
5337
9460
4247
9268
6899
2100
646
4885
5163
9431
194
6352
2557
1765
3881
1907
1897
3428
854
3142
8636
7343
8590
5286
628
4504
2842
13
1031
8420
2858
2720
4232
7105
8341
7483
5557
8987
2368
7072
8419
8914
9777
7328
679
3658
9236
2576
7087
90
5719
2075
3786
661
7362
766
5165
6556
779
2548
4976
3637
5269
9208
7094
3610
6691
2651
2597
5411
6076
7368
4326
5853
4697
1357
5863
285
286
9302
6727
2357
7730
513
3018
5092
1280
4536
1648
2059
7084
2977
2049
8705
2185
9143
2315
5229
8147
1265
640
4223
8633
1318
6428
9682
9028
8643
6319
9314
7946
3047
8023
5676
9912
1041
7120
7544
5577
5120
5956
9014
8097
8005
4071
6635
7148
2739
1864
1647
4004
8856
5870
8989
6527
8650
5024
5555
3646
1343
1221
1592
742
5596
3620
655
6637
7092
8199
8567
2212
4155
3933
310
8512
8004
3297
5661
743
5161
3660
1099
369
5883
89
6896
4533
5113
8803
8179
2808
6376
6123
3551
1972
6095
558
4962
3187
5109
3529
5400
5617
3814
2062
4129
1818
1711
6142
8914
3224
9803
13
3593
5686
6454
6842
6571
7919
5645
1103
728
8374
3578
631
346
9674
1189
5308
9213
2650
5189
965
8267
9003
3027
2397
7174
1090
4891
6088
4314
4694
6101
7908
6732
2556
4750
9656
475
6747
759
7555
1473
689
8186
8172
363
5727
3480
9577
8378
5022
542
2997
377
9922
1746
7551
7364
6638
3639
1679
7684
6093
9587
769
5001
689
425
5476
3788
1184
9384
1614
1873
7570
9786
8589
9650
3266
4518
8028
4640
1412
7377
5018
7686
9124
8921
5051
5762
8913
6730
9798
5006
2669
567
7
9710
992
1835
9850
8528
1219
1464
6754
5142
1250
1695
4792
869
6213
9172
1861
3977
6549
3231
1664
5673
2153
3067
7787
1066
6149
7586
2424
5170
4505
2431
1232
5498
618
1082
378
8190
8899
7132
9684
6501
5179
4476
3722
1392
0
5584
1722
2901
8815
9738
8575
968
2805
2714
8386
8954
6652
810
476
1158
3241
1708
3008
212
2790
3386
4754
8041
6871
4438
4543
2050
5266
8265
9795
5266
3849
1517
8167
9017
7607
3094
6337
412
5809
4724
5718
8813
5534
6194
9971
5128
7902
9331
5340
7044
2718
94
1438
5941
884
5981
4343
6150
598
490
1416
800
8359
5935
9817
5966
9030
6154
6378
1191
878
8448
4
2765
4642
6328
7893
8896
5659
9585
2293
4729
9679
3731
7022
563
6064
1366
6713
3014
1856
4481
3814
216
6768
9983
6182
5798
2490
8913
3341
9720
7361
9698
2485
8356
2378
378
3604
8037
9963
2249
9119
5994
2332
6141
2909
8396
3859
5974
7763
5716
6807
1577
2284
3576
7913
4818
5726
403
83
5420
123
3797
5118
8961
2153
3848
9339
2109
1885
5655
4359
7356
8001
6691
3498
911
1440
7357
3237
9203
9425
45
7132
8061
9973
5045
2880
5699
1800
9315
1119
1924
3112
2589
885
5265
6437
6576
3727
4675
8583
4438
2031
2937
7481
1881
200
5273
5591
3437
4476
1368
9834
7961
9430
9807
9358
8662
1859
1159
7977
2978
3083
1090
1920
320
2707
8357
3248
2786
3032
8184
7224
1416
1121
4706
9649
1321
9979
5240
1110
808
6609
945
5121
2391
7104
4479
1053
8963
5638
5382
8294
5073
2824
214
1745
5532
8571
1346
8318
7956
9530
1895
5724
651
2953
5373
8324
2932
614
9434
92
3575
6731
1565
5966
3836
6045
3371
9151
1683
5105
7445
3109
7930
7659
4854
9814
2583
6200
4484
6891
2082
6379
2615
2733
9332
4340
7409
8617
1306
3196
5061
4881
9927
6627
7199
115
2672
6922
9267
707
2028
6712
168
6310
724
5023
6124
3307
7575
608
6550
9658
6988
5517
8743
2672
9857
2505
7641
7516
5701
2703
8749
1980
9330
5949
2096
8354
9223
1363
5413
7603
4427
5582
3913
1503
6957
37
1162
884
6998
7712
6894
338
3229
5638
3010
9439
8143
7004
6955
196
9707
2056
2176
5389
4357
4272
95
3581
1987
1860
7536
2767
3794
1450
4270
751
7839
5433
7988
4837
3145
4882
1527
2727
6872
890
8518
5015
7894
1825
5211
7601
3881
7388
9342
8239
8012
9437
8172
0
1297
5708
9119
5092
7158
3389
2195
1350
8822
183
2539
8320
1418
4067
7399
8290
4957
2269
9658
2851
4094
1221
6804
4327
8609
6146
8918
2974
1935
7090
9326
3232
2799
8445
4676
6309
1834
6872
4011
7009
3407
6551
1681
4825
6970
9080
9468
8279
7701
9126
1130
8147
347
4286
2474
5309
6784
1393
8283
8719
4835
3961
1951
3986
2406
2980
6648
592
6204
659
3953
9611
3562
5634
789
532
1066
257
8811
8767
5735
6293
6914
6082
6931
9389
1391
3715
7134
6026
2434
8321
6339
738
2308
5097
3718
5308
5690
9922
5967
9643
5885
5882
1630
6674
2766
2696
3283
1578
7816
9018
4223
4730
1453
1155
471
9196
4870
3957
1575
3657
2279
7914
4395
939
3012
4465
6247
5054
739
8566
1049
6624
4448
2679
9651
7215
1728
9286
5145
9544
4657
5720
626
6110
6875
1098
1658
8098
1407
3233
8107
3686
7500
2502
977
6864
3319
7224
1918
4058
5791
9319
682
239
1999
6685
3806
79
5972
8951
5975
6981
4672
6601
9443
7899
4051
1101
2349
5459
687
456
5497
4539
9310
6475
1403
2629
3699
9673
6687
5842
8992
3722
2434
7343
6759
6240
7422
9083
1544
3397
6064
6216
9999
5507
467
402
2961
2817
5861
3648
3273
1359
8187
8936
4186
5942
1565
4237
5615
4605
80
4607
4679
2514
1951
1438
5106
5725
522
6650
9123
6586
9218
5474
8446
9686
5876
1407
8855
8090
5055
8480
5801
9594
7416
9987
1888
5334
4224
3855
9939
656
8462
4618
3170
6765
6056
4629
2491
2930
1279
7966
9517
6850
9792
4315
2888
2020
5722
1743
110
7129
6575
2263
3075
344
8602
4963
5678
2827
8818
5617
3483
3632
6587
3006
398
8995
7635
9241
8278
5266
3559
4147
2116
3351
8462
5004
1723
4184
6747
8186
1313
9675
449
4388
19
9052
5703
5697
8231
4521
7666
8066
8153
605
1072
4903
5952
8707
496
4230
326
4055
8377
2442
3758
6839
7447
5482
1023
546
20
8688
221
469
3076
6592
5873
8779
2289
4104
9652
6307
2171
4158
3264
9595
9061
9217
4655
5910
3447
4981
6317
1825
7423
76
8664
1222
1910
6040
1769
1930
4728
8342
8751
4157
4935
4625
9288
3576
5081
8941
6236
3604
3099
9500
3200
8512
8717
7855
4422
8517
2836
740
342
6611
7168
5358
7834
5430
1398
9603
3712
2479
4297
2463
6636
9232
3440
5924
9161
8522
4865
5397
8478
4316
1249
1678
2829
6319
5885
7251
4836
5073
4343
5178
1685
7863
6888
9519
3293
8287
5474
7005
766
9771
9469
3754
5356
9261
9678
869
4135
4544
6266
2614
5212
3867
644
8041
186
6530
1645
5022
1603
5988
6552
3288
3852
3441
9159
3497
8080
4633
503
5198
757
6324
8952
2465
5585
4982
3334
9721
5878
5952
2335
1091
9819
2979
9132
6
5861
777
1380
7465
3118
7933
7105
3322
7726
6265
6819
2158
7250
7322
7356
4359
9998
2660
6824
5584
7642
6510
5305
3521
2462
3992
4612
8634
3323
96
4992
9185
874
6372
3002
344
657
107
3666
8383
2724
6837
541
6327
512
4249
686
510
6909
3863
6094
4552
373
7751
4425
9188
8095
9037
4174
7771
9133
9166
3308
6359
1890
6310
6703
2548
2769
6721
7283
1846
3559
4177
8173
4071
8426
8859
4581
1688
9074
7028
2592
5800
4779
7017
1340
2875
2406
5514
6998
7891
4680
306
603
6570
6616
3658
5470
5737
380
2754
7583
291
6931
5756
714
1709
968
1647
3397
42
8675
5989
2194
3455
3006
3534
2682
1764
9048
6032
9656
80
6338
259
3003
2954
3917
4825
5043
649
7579
2627
7292
862
8383
8006
2572
5703
9654
2321
2098
8329
8311
4292
8136
7669
4179
7170
9434
9579
3202
5442
6012
9540
2053
9015
8846
2322
3840
3890
2972
7772
2869
6616
4986
1252
4623
3910
3308
4277
6232
5406
8958
895
9698
3447
8564
229
617
7998
9809
172
9792
5821
6064
1845
4836
1263
4168
5028
1505
3492
9152
4374
108
491
1978
4731
4401
5286
5360
6985
692
671
7880
6743
4118
6445
6972
1087
795
6781
7611
588
2602
3676
8785
3790
1291
2953
5171
2796
6445
675
7170
2906
1166
9148
7637
1920
4435
9350
8905
1479
21
6786
8222
491
9583
5195
1578
378
1976
9190
7318
931
9218
6104
1073
509
9057
6244
3305
1855
6920
6827
4761
4438
2327
8750
6358
3114
4452
1616
4594
825
8402
2816
1316
4337
4363
2895
4715
2692
8437
8386
3623
7655
4490
4696
4516
9899
7293
4173
8106
565
1000
9219
5003
9679
7970
7714
2794
8774
9330
7388
9600
4084
6556
916
8421
920
163
9488
3612
8600
7874
3587
2607
2364
4635
7123
8616
1928
7648
6722
2493
5000
5942
3849
4680
264
7915
7474
5390
3597
4862
4990
7681
7770
2259
2454
8690
2422
1942
2302
1023
9817
2241
9982
8533
6877
3458
3501
8805
1106
224
7651
6107
2518
7852
7139
9134
5767
4613
4524
9364
5827
5867
3397
3597
8126
5851
2288
548
4145
942
7923
314
9536
4258
5200
6413
7716
8701
1570
5174
5277
5573
1281
4147
3425
4772
3281
5544
9385
4158
1260
1564
25
4657
5162
4503
6860
3802
1403
7358
1096
9327
7672
632
3585
2872
7045
7653
1574
4968
2827
3203
541
461
7351
319
5233
632
5863
4619
1142
7124
6183
7519
8133
7697
2022
1346
1499
9778
8704
8948
9105
2728
9580
9042
5601
2978
3047
3527
7946
5874
6730
4839
6335
4081
5158
7921
1066
1022
8892
8560
4498
1427
6080
8983
9125
4454
6681
6976
4232
5385
5924
9689
4466
1857
5083
67
4835
8130
9946
9133
357
6676
3972
3044
7110
9131
965
8176
6505
9857
3088
7355
1285
9168
6338
6762
9975
3020
90
559
4757
6015
249
9223
7872
1684
5642
9059
6167
5588
8192
6524
8617
8516
9568
5727
7647
534
255
504
6743
3343
7859
4380
8864
550
7494
5191
3570
7585
5750
4679
9952
2351
255
4176
4036
5897
3235
203
7838
7779
3079
2807
6295
8999
8534
295
9533
5141
799
2629
4836
5011
3361
52
5561
856
5243
5483
8441
994
162
4745
3345
417
8921
3733
2667
2156
288
6857
9935
3367
9664
2582
2367
4550
2877
8252
6043
29
7233
879
1392
595
932
6953
7803
6175
2436
2596
3521
8950
7341
3219
5720
6262
6952
4739
8418
7241
1596
4705
6960
7612
3639
5679
2162
2869
284
8205
2898
7517
9084
642
4464
6368
7595
2267
8896
6383
4863
8769
1685
8556
1988
7405
4818
8941
2144
9588
2534
92
645
5846
7704
4285
1526
9866
7154
8162
4423
6404
2031
9860
7046
6496
6228
993
5115
1476
7376
6331
246
9061
4887
2234
2819
9706
7527
1315
5646
61
1408
6292
2260
9112
6929
3786
5331
435
8300
9754
6839
331
9614
237
6827
2195
1230
8295
3671
4958
4626
269
371
5865
2504
3190
1923
6383
858
7570
6445
2266
214
8705
7730
7143
8843
9413
7578
7143
9168
769
7474
5134
1006
654
3681
8588
8949
7353
9898
9927
3974
6621
2144
6478
6164
4068
2862
7022
7990
5659
9288
8204
716
3370
1699
5911
2784
9277
3054
8304
6398
6880
9790
3756
3886
3472
8696
9187
7177
8594
5466
1151
5215
7611
3982
1379
1679
3196
4753
9669
8855
393
4225
5923
3764
5924
1834
2900
1553
1240
7556
7951
4472
7346
8059
8359
7170
6755
7546
4347
1701
9365
5499
3268
6976
9481
1000
8655
2677
5753
4676
7884
6147
8901
3807
6263
1177
5641
9163
2730
3233
6719
7033
7705
417
5092
6064
7588
8199
9963
1935
6252
9328
3786
9520
2656
9619
520
7663
2296
2626
2339
6532
8773
7592
6691
5036
8769
8684
551
7851
1917
7270
4884
9623
4039
6328
2039
7979
4527
8354
9915
779
7682
53
6651
6690
9673
3524
4353
8321
6150
3044
1206
1275
636
7897
6311
5757
6582
6862
3608
8499
484
8492
8122
875
4820
6514
8855
5699
4868
8770
2830
8903
5175
9482
5593
1200
9358
9947
9522
5508
2991
728
6783
9980
8625
9446
5737
1559
6308
9346
59
3144
4190
4533
4019
5363
1047
2874
1062
5916
7996
245
1171
9524
6079
6764
724
5437
3063
6598
945
2407
7326
4080
2387
2304
3526
8124
3863
6186
3822
274
5682
8013
4808
6053
3376
2207
8928
790
4475
3276
1035
5646
2800
7114
2411
3525
2551
1826
123
9848
4233
3802
280
6620
2458
158
1097
2673
6344
4919
2948
8378
9284
4108
4432
9012
2667
3360
9803
7143
2988
7190
2789
2141
4305
1552
5666
3208
3379
2141
9409
7612
2295
9689
585
1105
9848
1682
3779
2544
2953
3079
923
8590
3539
5355
7602
6206
5067
3757
3349
4407
948
2491
6548
1605
4043
8566
1165
3774
708
574
7739
9355
6616
8324
461
2816
6358
592
5360
9311
23
2635
4253
3562
7990
1856
6120
9409
1965
5822
3817
9265
8313
365
870
8708
8932
8388
8835
5992
5314
6574
1699
1930
1250
8512
4746
7608
9104
6459
3271
5479
9094
7525
9041
3437
5733
1514
9198
7698
7336
3015
6964
5649
9733
4186
709
5017
2574
9544
7361
7889
6118
9060
6171
7368
7573
7270
1328
3029
3729
4600
8509
9175
2125
3902
2612
4210
5416
8163
1908
2752
7530
5224
4753
7263
9411
1815
2280
1985
1359
9641
6226
3830
5054
8750
7550
2627
6020
8879
2008
6101
3479
517
5276
1956
772
4241
6166
6188
2404
4426
5293
9934
9651
6398
3550
9062
8213
2182
7399
9573
8176
9978
9755
3230
8728
7305
2209
1100
6184
4217
7201
6015
1087
8829
7971
8211
3070
489
4399
1826
1268
6044
8113
919
8795
1663
6333
7008
197
84
2933
8373
6414
2688
7955
5142
9994
164
2594
2530
734
6147
8546
8173
4977
6517
6384
4399
3359
7135
2578
4627
9532
691
1898
8327
8706
8231
1687
8903
4667
4621
3629
1082
3661
1584
2576
7
8101
5171
2538
8835
1318
1084
3360
2647
3953
9744
7047
3664
3231
9625
8291
2763
6668
6541
1090
1726
1124
9130
629
5792
3751
610
3226
3764
2195
5802
3772
296
7325
6310
5483
4996
3746
8843
7643
7699
4939
1042
1364
8170
667
6007
934
3687
2549
8376
5413
25
3858
2395
5817
7609
3005
5395
7726
1552
1198
1498
8200
4875
7808
3683
9871
1554
8878
3867
5605
3817
4909
6969
1988
1929
9329
9274
5616
8230
4002
1030
8255
7861
9777
425
1822
9134
5820
9548
687
3370
7398
8887
8246
5206
8923
4469
3112
7801
8336
5070
1619
3246
8391
9959
5175
7720
9233
7143
2302
9587
4525
558
3800
4302
7335
1975
3437
3155
1523
476
2878
8922
9363
7476
480
8286
1945
9945
2440
282
1367
4059
9880
9758
4018
1407
7479
9603
8550
9781
5542
3076
6691
9343
3730
4026
7670
7167
3534
9193
7643
6412
4467
3359
3888
1300
7997
2185
7597
437
2467
8964
848
8699
5074
4866
106
2553
821
8657
8687
2716
8085
1730
8411
1815
2109
6081
5335
5643
1626
9330
8407
2446
2689
8647
3746
7039
832
7695
7476
3300
3011
4677
8351
8085
9543
8458
6991
6717
7115
2030
9433
1552
3760
7844
3367
5869
277
8702
7864
1903
8033
6271
4349
7074
4918
4447
4113
5751
2142
7942
5403
1505
2619
3754
9591
8514
8564
2934
1583
5679
4964
7368
7231
5076
1564
6951
7298
1841
5653
5162
3745
38
7786
8094
7113
2704
8894
7578
4807
7388
1872
6562
8894
843
317
4837
5710
5233
7771
3645
913
2735
1014
4496
4163
2578
7799
1461
4420
9805
6624
4517
9843
4410
8963
3308
3466
7857
7239
4626
5246
5463
1188
492
6307
7857
5329
8369
3091
3100
2014
356
2187
3028
1204
6350
1959
9004
7812
6379
8809
788
896
5004
1550
9859
8313
5016
4069
1904
9642
9315
7367
831
9807
3674
5040
1488
8395
8131
4588
410
8487
3127
3438
9692
5829
1749
5048
3641
8128
3857
781
5376
8861
2331
1588
3526
3700
5657
5430
3342
1324
2798
525
7483
2824
5566
8971
1220
49
9911
7982
8537
3038
7772
4581
8867
9522
9629
8861
7650
3486
5994
9379
8699
8326
7319
2226
8378
2976
4008
1720
652
3158
8598
8135
5983
516
7106
3555
565
3369
1537
9102
6407
9309
35
1626
8831
9664
6839
2834
9502
9186
2213
8202
3864
9532
6780
2242
8860
788
3962
9512
3947
8912
3999
6282
9428
7457
9837
6346
826
7726
1800
3585
7035
1836
5211
2219
1500
8403
5053
1003
7589
3618
5557
1453
9502
2337
3695
8362
3125
4009
4226
3424
9274
4577
9706
8702
2034
5895
1400
2860
3621
3201
6445
7009
5037
8008
9228
6537
2763
633
3892
352
4251
9449
8157
3753
1786
8204
8467
1264
2214
9045
4688
7840
9974
747
6542
2008
6642
7943
1220
6616
7496
4017
3625
2533
2025
9205
5422
1141
9838
9315
1493
441
5116
6003
4194
6903
4207
9013
4519
2773
4410
5559
613
4384
6306
3508
2744
9301
7803
3964
2269
5299
7981
5894
7832
6358
1451
9606
7499
1289
8921
5345
1730
4038
1348
2276
7293
1907
7641
1812
1033
2051
7371
1646
2787
30
1506
5531
5683
5661
5847
7952
960
180
198
5144
6538
1649
4751
390
9290
24
2087
7372
414
9787
6000
4059
1694
3641
2223
9079
2044
9595
726
1183
5977
8584
3066
1660
4246
8913
9612
1558
9093
9810
6703
1983
7811
7806
8725
7101
4182
812
825
4597
599
6825
5008
8646
6818
7232
7725
5214
3179
4803
6397
9156
3388
9463
816
3986
8376
6780
5544
3821
2942
2247
2156
753
6405
882
4206
588
1694
5031
1537
8646
8208
6545
7292
5026
3777
5017
240
6956
6173
2989
2464
5913
8804
3280
9899
7180
6412
5443
7353
9354
4043
9509
6459
6800
391
665
7388
8438
2048
5277
7084
256
1823
4376
1634
1952
5745
8226
8909
8270
1215
7725
4183
19
1006
4082
3551
3770
5878
7256
9477
6273
6766
5936
3073
3509
2954
6814
8299
5002
2091
5383
1611
266
6111
9597
2219
8209
7824
7480
6479
5391
5205
663
1763
2563
4745
1666
6334
6975
5275
5811
3248
8393
8099
6322
1902
1053
3136
202
2408
1579
1937
371
1846
8049
9968
4065
2610
4144
7897
9089
9536
3102
9752
7651
2018
850
5669
4704
4177
944
515
7426
9337
4966
100
7592
6020
3236
4146
4780
4815
6083
5151
6661
484
5119
7078
3094
5616
4975
8536
1504
4430
4640
9155
6448
5490
1176
1152
6020
2121
8019
3446
1458
2985
3546
5402
5357
3134
9548
6489
4301
5632
1640
7315
2468
3112
4393
5563
8728
5721
4099
232
151
8739
5739
2951
582
6915
4103
2954
5388
2122
6400
3199
1459
6298
8601
3169
5784
8150
9658
85
134
1299
7400
2602
763
8146
4517
9491
3867
4968
6075
370
3708
8166
3321
642
1433
7424
3596
6822
5898
6348
21
3709
8998
8622
6878
4782
3124
6537
4867
3258
4188
8620
5861
4951
6766
6730
794
6985
1699
3221
7355
1759
1387
7028
2401
2820
4452
2349
9642
6702
5049
6015
411
4047
990
3642
5181
4114
179
6400
3725
719
5020
5938
2022
8138
2668
2816
5123
4367
2389
8830
6126
3776
5858
4879
2948
6662
3580
8943
3364
4981
4958
128
9028
2300
3770
561
6415
301
6962
6492
7372
1982
2430
9394
6473
5098
8562
7948
5818
951
3131
1944
1079
8989
3176
4027
2004
6756
2970
1720
1738
4281
1848
7118
2933
1970
7680
9348
8623
4642
2192
5995
2976
4622
5389
5801
6073
3951
3750
1891
1254
6881
3835
2333
2222
7011
2713
578
120
5683
2299
1858
6316
499
5328
9250
8822
3008
4950
7445
4002
3495
3441
3331
8117
5182
5484
4190
5486
9234
6081
6740
2467
6269
5426
1042
9632
8139
1620
9752
174
3919
1610
2843
771
3291
8445
9593
6299
9747
7038
6654
3242
6831
9985
1360
8366
5469
1902
204
1056
4336
3296
9875
605
8722
917
237
6861
8890
6342
3388
9161
4304
6231
9932
7595
4676
9525
3895
775
2916
6901
4018
6099
6886
5378
4465
8707
3632
4669
6115
7968
7966
2343
8573
3040
9612
5163
6254
8502
1505
9642
7664
2161
2225
7596
9757
3253
3474
3652
4028
2742
6905
8046
8841
3791
9776
3307
8850
3409
4328
1318
1377
8646
3661
6303
1687
3273
7818
7941
8128
5675
7583
5792
7836
9808
9740
7593
3061
9566
7597
7089
2308
4502
1488
7502
4645
1264
7161
9848
4673
1489
7518
2403
136
7531
5058
8175
7156
9228
6116
5284
4903
51
7428
9091
9859
3521
6685
9272
9439
634
2713
1748
5137
4201
5602
6134
5466
2763
2334
6491
4252
9852
5246
740
7383
304
8915
4540
5884
1383
9824
787
1434
3605
6231
7645
7126
2916
6917
6565
9902
5983
4665
1391
184
267
7526
2002
3030
9860
4846
3635
9713
92
4375
3448
6749
9643
7988
2633
1026
4165
9773
8813
7770
6004
6458
4896
5272
3376
7813
5174
9359
2479
6566
5895
2746
444
7898
2129
304
2744
5764
6369
9188
6491
6170
5937
2486
4158
4923
9865
8323
4696
8678
6093
700
5136
7341
2324
4864
5155
7498
575
7634
416
6471
6732
860
721
8861
7517
3465
4625
238
9005
7469
6408
4943
9955
567
6218
9820
5242
914
4850
7688
7966
9987
5029
290
4851
184
4140
1779
4170
4557
8250
903
5417
8971
6116
9286
8788
7094
9525
7793
4563
5933
9088
870
2852
5306
7043
4447
2572
1893
2135
6890
1880
7164
7180
3084
3701
7673
4863
7871
2230
9465
5126
3999
4788
1243
3286
3576
8337
9163
7721
9252
1448
3162
122
4301
4820
7165
8748
3745
9059
7235
635
7291
4399
4168
6727
4452
1841
7942
8676
423
7407
3802
4422
8547
1397
4060
2123
9734
3223
6197
5338
4672
5711
5461
5325
6883
8978
425
628
8037
7660
1264
1681
8411
1784
4760
9216
3625
2703
7892
4048
6462
1694
4822
5010
3092
8883
3485
9178
8458
6034
4517
9482
1745
6330
4807
4981
5308
1584
5609
9698
9244
3225
1379
4008
5009
2491
3224
8634
5194
7468
9034
1657
9162
3857
6667
8606
9092
152
4137
7550
6187
5006
7033
4284
1336
8192
9265
6644
9777
1227
2694
5373
4452
425
5733
9462
2917
5309
4448
8111
2777
9835
6120
8292
3692
9139
6898
9136
9292
7387
3038
1831
2393
6423
2467
3729
4616
1733
6726
745
9312
5772
6118
3764
6198
1852
9578
9115
7161
379
3578
6291
214
9699
4583
258
8838
7833
9394
4482
5221
2432
2665
7614
8856
5133
7696
9824
3218
774
569
8882
6546
3039
2646
9096
4891
8577
4563
8405
8956
4494
4696
9170
545
5631
9428
5735
3464
5174
218
8685
3958
9235
2652
2814
720
6700
8990
290
3826
9559
9172
372
2599
8171
5821
3842
6748
384
8599
5704
4878
9647
1226
5423
5278
7006
1159
8743
2180
7729
3780
6138
3316
2784
5305
389
9484
647
679
3310
6559
6204
35
5510
4375
5856
5704
1123
2592
4304
3179
3823
303
4405
5598
1934
7763
3109
7029
6295
838
809
8785
507
3594
442
896
9430
1090
1575
2741
7649
7779
9128
3159
8506
4984
8863
9629
3928
9519
9160
7751
9823
9917
3350
1757
7680
6459
8786
3975
3650
5947
2761
4157
5893
3203
1405
5324
645
2980
4417
8294
7112
3545
1453
1970
4881
6669
7952
8809
6188
7112
6561
2363
7030
9911
4120
1062
2722
9258
1390
6372
1558
4151
529
7451
3706
1934
2775
4352
1267
7192
8998
4731
7089
6804
3053
1970
3473
1005
780
9661
8118
3693
