2851165601
1236597847
1981954977
1477344881
3898056277
858011726
2246031047
235903345
3294443962
3153957372
3952098168
1677170515
2919780473
1733515240
677174598
2771623359
177103305
869098190
3979810852
3347508021
1492302337
178325656
2582703644
4020118963
35037544
2168371378
2403726557
1570318411
638814951
1584335055
1830347317
407928214
4103906350
1840093312
2952437636
2412079045
1339866056
2437933087
3270415634
2644095775
2863116696
3795083275
461057677
1637856389
342691174
982497733
511479840
1546653613
3164085708
937672188
3267567755
2820743095
3232797299
2115794928
4079916421
870184794
3163246657
315962293
580746810
4226362103
2151360999
2897780669
2309281944
2139210930
2866338574
4102552278
1279324746
3656557618
4098045829
1045820147
2446599363
2155270878
1638780886
3098857829
1918485780
3166522227
1535442860
1057308122
3838619300
2119383362
2785916370
1792989428
4127902287
2158778167
3989239313
1697810025
3674594775
1399671886
2305767188
479418520
2845947721
343354074
1515514639
1717919326
1812521295
4077211068
3886985240
3727837360
741826164
1380137160
3568060322
2647278840
2257685194
276423827
1389645882
3446622505
575878743
2173267285
1907410258
1933461168
2764608379
463283410
3649587843
3708915118
1474715395
4194000736
3398915756
1959927977
3610444732
1841535590
3942404751
1977821055
1996276323
1209216061
4149861973
1409248282
1713724517
2188436637
3927069117
979226346
3180050168
3494713265
3694408087
711769643
705348447
4172917304
1911977657
1445769451
1098910140
648508318
2170255865
728248270
13351027
206845241
3380410953
2867137705
2869137690
774317970
1055425038
952531979
77308061
573445100
4222841300
2425546552
404750816
1398511191
659093151
1597319518
4126674618
1723239339
3664387912
2462095377
4225424531
167321434
2741985588
2665576422
1466310887
1208294364
3049135627
3063434114
3803999793
3132951163
2858073797
3290741035
3611219064
829890226
33384426
2926280746
1196922604
2196029772
2518555456
2494867623
1487488156
208551796
3667641494
1560188562
4287959407
684468588
2318669301
1658712659
2407118913
415681341
3786885801
3107495855
374675610
757599062
979793378
472941942
2072593794
3083893338
3458177326
1733821201
2335920963
1250505397
1475768631
868107587
2485800383
1262502797
3100469168
1980081923
3043981019
2984246569
1687664946
1340976262
3097928264
2292491357
2404687574
3881880729
1271797953
2386096728
820046139
3224713652
3074813589
480306916
1538460669
1988154334
509618942
2117303579
4152678997
3177403706
1865310375
4044889171
2573133009
3340753388
1507483066
1488550669
1730970224
129687889
608346049
3797584161
3857340210
3983938646
2999249144
2920943683
1240069186
3267539585
1626214012
2234174686
3731941686
1731421827
3252097689
4086135370
3620748998
1975417368
2660792779
2902678510
749659634
4106577520
2244865785
4058913061
3500215700
929888405
1165320434
1636774994
2726783358
1794861491
4244578881
1129121065
133473900
2098227250
1723746053
1720130204
3946878061
236220513
2533082322
2214465243
2716274023
1886190311
3522078527
2131288893
3883909489
3016944817
1832919021
714188274
2329827430
3611232331
1179017690
652954373
1070010685
1234229773
1317488179
140390237
532519926
3547362770
2036286022
2162706914
3277128467
387550115
565501449
1580793408
1089553821
2516625770
1651161947
1935771785
708642910
781041412
444309699
2954005553
2559653669
799515817
287618369
273119997
3148953197
2622865255
3420727834
423307949
2891162739
3937801299
390216937
4081093763
2492437639
1695152905
2427129135
1807143568
2125988282
3951695431
2775331130
22620797
3897116383
16991955
451281099
3064575217
940810373
2435640978
2148646378
2716574541
2284348696
2863708869
3998492813
1053335744
2072664849
856009472
1485888229
1480976153
2026197461
424664086
1746075265
3661473742
760861820
3993571538
152467570
2210353672
1885442319
4169613675
1433255977
4101979632
1502733872
625665306
367241164
3091952591
2240755226
1688351569
1313166867
2487599663
1748505478
2430182332
945046255
559016487
951750272
1459970588
293217726
250510732
1163062454
1282449417
2573522581
1822675045
4235940891
3175415815
2332250420
4196892486
3983116285
1713239117
1182934
318584495
4135120375
2477237229
53932839
1163980690
2587444549
732566590
3426733778
1596834334
2673153305
1062993975
3805813576
2258038841
793940709
467431760
685992224
4227892654
977154989
3054269674
2386811444
171892317
2179131235
165453142
202514079
2397653071
737663807
877119035
644648639
4006345608
506160387
2503133234
3333623562
164522538
3111055621
2161979246
2330895023
1956180952
3158449039
1715771378
965494804
793972666
1709367604
1483062308
2400168782
3553939333
1689274345
196207171
3947206353
2723619589
270005685
2683129118
3735481167
2373658538
1007383305
1905527349
3220195547
3823253718
1679226653
595114353
1687601879
1182453188
4259086249
3052783945
3703641295
2675800146
3441992655
3753754282
635491070
2248658746
2512668973
1333430240
1039807314
1003453826
1374947491
3768742222
65542887
3900780480
833323406
103510532
2912941959
1947663223
380516456
3533039407
3538831194
1780973828
2663093300
2393107060
953861241
1109840144
458508107
3060922366
3889012855
3776375679
3832833246
199246781
1469113642
1191969860
3152650148
1020134699
2219889331
359426854
2256167641
1813988714
1089078000
2234715002
4232375728
2300068723
1644514961
1212907828
1147390396
2931808708
3129934812
2332723170
3322317238
2017737426
996654941
1883306719
2215738904
3069542154
3032998694
1005911029
1579905754
3611521910
1367513608
2355219822
579264913
3507612941
3759900893
970560457
4069160717
1132840320
3669447377
607776211
2457070619
2560166996
2636809983
3213923588
3875948653
4284502459
3333728632
977226441
2532146905
154099321
1016686705
2835294891
2652561066
563590421
2835254473
2203307818
2508152735
4214533566
2030584009
2230133493
3706041553
1285016021
3038666002
3263275154
4190587550
3643393486
247030392
4201133843
837584066
1357171664
811594423
948274177
2629354531
3816554431
3165291071
2762103119
708216968
1044465007
470528691
3352431533
2232934860
1357662554
651357103
2670618252
236892757
3541158725
1193523180
606119534
3171478821
96274362
1606955545
1648368553
2137009716
3037047834
342954357
369692649
680910844
3703120400
999774937
3890879736
702678644
208464261
2501553104
2524360307
3368490862
620399947
1043608902
355071599
3538017919
3192566321
2513092333
3453117636
999551839
2205594940
2529782495
1929642005
3004329096
3902759463
1133043591
102319936
690996667
1417041707
74375056
4032873268
3837560752
3410463590
3469434845
4058849340
1905919873
1403608319
3878570657
1307892712
3094735708
2709954248
2028992634
3631042329
996459497
1444311838
3237396620
1640687360
1674180182
784542486
3686322864
2860452131
3783819361
394902483
3187867623
194343290
417849162
1660786106
3158730831
3777630721
1895784149
3979371824
300886352
653214646
3603415192
4033908992
1716914558
571632946
1198616808
3647385237
4002823462
800325713
3175910714
3962517776
3800696977
3006750084
3189537935
2300894829
3008302414
1338519259
2244684646
645935128
730658907
3800345813
1239245536
2296752845
1510041080
1070366194
19364307
3619883524
3661580108
3591465122
1492225023
3922078026
3021736646
199679786
1122831144
420222148
3354910498
195592389
1507206633
830080250
2211917302
176142077
2319108849
2927406269
3019941266
3499758853
3070012673
84085416
3773981201
4232811583
3280972308
3800152706
2468543743
1473511638
749870275
3216212352
2426428840
3654004554
2445142490
308029715
3113305592
791197187
1842114506
1534675172
1196635825
2389718680
3746825444
170627533
1281717678
1135957141
2603652138
1215910104
3637134307
3175385338
896474623
1292683563
2035250522
3820533504
4025227057
691182761
787336396
974960295
3237588109
3036715354
736880367
381097992
3116656686
2149726846
4183014853
3018668335
94786773
747054571
1889876773
3832068137
3444131540
2698232014
1576195580
3348469815
345830953
637814839
142556236
773036674
1931168415
2907381015
807766892
2012153778
2881689164
747730763
3530459490
2984124629
2504764349
866840494
3668083255
756808665
1193562673
2815182817
3507437055
2624402175
2411352
3843075886
1060047309
3748279652
506234567
3498769208
3920217007
2565549458
968738119
3959126255
4183957037
129018375
4111115393
3791593242
1232175433
2930986323
1538346719
2589356009
641031904
1493566245
700496821
736543298
1655546863
1930455790
2026119436
3453899210
2202656385
3948996352
2626667724
4111810285
1964013930
1663451491
4146215415
3267816930
1935699458
860060025
1351491410
3751189900
2899422689
2723832947
732142991
3972669248
1100659687
2220270528
3269987453
1382345460
280261943
3031523881
1810498169
3560643708
3100402086
3955870952
1518694158
3968385218
756209333
3432113346
3010256896
3283939307
3171243537
3107388938
3499322510
1485085487
2970794766
4059533574
565218548
2956017564
604666164
3061222669
2850209577
2418495850
3834978559
2004404646
4025171527
1070194798
3969400759
2906516706
1790002233
2823425311
669423191
1605348241
1932781741
1979096385
3108007929
529463301
3002177896
4154742282
2172223661
2136275478
3385914218
1779335858
3574731388
3156937010
1200520600
4158637279
4127984339
3553740817
2238192681
1404343640
3148995071
1841777082
169939791
41000904
3128551818
1891569359
3181250515
2262161172
2871320705
798034381
3613243262
4181103305
4092700832
3934788575
2021183133
3329010449
1164817599
857098965
680538340
4225526288
864919220
2887492410
2583316797
187435035
1545958794
2079448936
3430809948
2434117038
842963634
527254742
286107337
3201026940
125554996
3834380240
572164315
289023290
1231155775
3544235156
3600020542
4267928069
3897089388
3880735039
892520113
2007296279
1177827875
2492267633
366047688
927130842
585741058
3766047132
3989743212
2474923293
319008432
3734232477
3293575247
1607029387
3521029026
2685904933
3494080154
769690370
4042506355
2489226952
4054139273
4073319520
701195911
2189253727
3310994254
3969407398
3928417684
2573009326
3760890304
2033134294
2716139541
1864337181
3654194747
1320175355
3274121386
3045796234
1601829484
3846671119
573682332
1460285964
2155262280
2219487917
1399790435
3785889095
1155701177
1610441842
2226126330
3683205985
1031162113
2273178137
2582955429
2545209956
3517753998
3762516368
3211484822
848113255
458295310
3734323702
530139980
56789543
4202617358
2190927504
1107425583
3914785013
2796447448
869401732
917969938
2877348775
2568209303
874808365
4086223095
3344629894
3485245591
227810501
1542260619
2096782779
1075048395
3450547706
224092729
1771937587
3376011297
574279443
396531934
3019032593
3478210855
2403547831
1514906565
3052703790
1411299585
108684520
1461934984
3872478674
2224916505
2882350956
980549274
2909913793
423390498
2871576830
3681613409
4079272398
248219538
1923235849
4269773977
3902987909
1374270376
2318408977
2820798718
2218542066
3051608329
4162767909
2045443254
3622636365
3778255066
3673872734
1048716127
3849325856
2707008923
787438972
197858073
1194739078
4005323902
2896989645
958849356
3135423724
2516366716
2546392515
1657924603
640693901
1707710393
1401148190
2567928849
1483267916
443309996
1372472748
1458187880
1722319473
809464201
4177080624
1612231925
1033400708
2697142601
3781327597
4174512488
3646907117
2121100682
2710408936
859366749
3560889505
1551721575
3417838455
3456191454
2465765897
4158523586
240116710
3464354288
3299962555
65068835
1501676552
2240789477
3685310065
1884544671
2248881500
1659502255
3913650095
3871598378
175000373
2527964496
1780723576
707995266
3671073006
2542167421
2956330780
1181377873
818476690
670249185
519200999
2859235060
1235166246
300439791
2701480405
445109722
3281395395
693377078
1945987214
1381048515
3768391230
428178046
131347228
2394828333
2047856257
1289536559
1652874931
1942503977
105920219
1568551631
840643037
3982334685
2881251523
3313467291
962217405
3018975866
3845466192
1327041561
2726722149
369803403
3751552030
4020016983
3795653251
3647916346
3041867611
4253998058
1077828717
4176274994
3827839897
2374642540
2164513452
824895880
1133847893
1470434348
3488539589
4172712239
3773096379
1652677942
53900558
3195925137
3428219747
1260138353
3089102305
2358035297
1017958394
967429544
4163713900
815215303
3569563466
932696969
1632025225
555485289
823701940
1472598021
1607350279
579454728
220339936
2807055183
119649939
1061819212
1395794990
2901744637
3599560989
1354531652
1343084488
3514609585
498274551
1560619313
2654397706
394741608
3315543090
3142238455
539470854
769205263
2095729219
2691041950
330368941
2756282544
340789369
766897858
4120635789
3707457478
2700927299
2821937539
1426513973
162520865
8925527
4147158841
926026046
1018019377
804469598
4252475664
1146807020
212512807
2388456814
891515772
1197040259
3530690049
1421598331
1133051201
3899868540
3144511646
3494077834
2176933626
1954570775
615919528
1689630298
1261541637
775049214
3779153213
1465846052
3425292519
2596147369
1220540421
3016634929
1450155025
2885592307
3100508522
512924061
1203924548
2591290759
3938648593
829380760
690162378
418659349
3226489777
186875709
2862986824
3306809050
2877521549
2191551425
2326935712
567058143
2834498497
4239815344
321521476
375127455
4180971528
280234004
3112438700
2257119904
1385288393
2396231346
1826635472
580435282
2673378513
1878009814
1598149023
4291592832
2487185764
577073966
1936883685
2698743876
1239369323
411707342
2787198754
2143638075
1369260305
1413677629
581176698
1880936076
1196603806
3543155077
1230209855
2018922561
2884756369
3280776187
1247171444
2658186108
2645746867
411038741
292630778
2759391222
1909926188
107879836
1813264465
478912406
3571944199
3500724313
1793716931
4020943877
1475557905
1660978029
2810018020
1032254913
1579469089
3411503127
1009910184
2442907252
3067325636
383983540
2279895268
219126413
125608645
1488996993
3967383856
2178992848
1675158780
344611571
4110393227
3805422119
1708009170
1969207070
4042851539
4244454550
2141958996
196478010
4239343926
3728889674
183469329
2903087469
485454908
1050676372
219353724
2239405212
2837960810
333438789
3838370807
3929152045
2920211929
1515092238
2370129213
2373827035
1532487339
604666792
1308084756
1333414486
481219782
3555236346
3218437251
3374398008
2301049818
2527245163
2016852558
2557487856
3854374239
2047633363
2924516947
2097397785
4063681578
1939374828
2689841170
2814118972
3437199799
1512694695
2904614727
2192871548
2296863978
1850531057
3690701518
1043875157
1327143213
1506298138
172720300
3789701411
587964972
2754617743
210552760
4214302882
3415037281
2881400145
3864357106
495743736
1929944013
3226268550
2253473420
3973247189
1024950977
1873704604
248784825
3529852492
991259121
703732536
3161261605
710078261
3942327664
3387862359
4040310405
3609398753
4259322520
3216004280
3928398974
2048891656
3407774989
720113563
3755731072
2659933483
1429840475
541866607
806236965
3537010024
4217494961
3790142491
82570030
740605388
2173096303
146254202
3835221889
3246313362
3754934345
831496601
2494192780
3310420597
3046496352
3407473551
33568112
3200692931
3236061595
2967435701
3958975486
3521875613
3563596444
3710011080
1445235267
1235628101
2475055533
1830923757
4008794284
4043407078
1149209208
2806563636
4001685197
3368676241
2241117031
707210932
2811899158
756960979
508970088
2663137917
3291620547
1091736664
59945203
2355759218
2050201126
2313736267
105064598
1136355040
1607021619
194938416
8973780
694624442
16752542
4134583221
4184875887
2294837606
1976124809
1943367616
2906645796
2257746831
4117250909
2542601535
163200438
131630498
3216839968
2856699101
2858616527
1065379436
1061537810
1645315677
2457493628
3750888764
1327767904
1786358293
3235967152
3018110759
1276021
2445885271
1170525515
1571105129
1120143042
2183602102
2146233736
1027123777
1568637411
364493922
343460523
1552461911
851665139
550796341
806497313
3637567477
830876670
1531762579
1559945868
2851759864
3827751244
464450430
28160696
73397953
2192165631
4250576064
738456000
3019614779
1065317365
53212699
2192554449
110200955
184261720
1845556741
1483690585
910248714
454983417
678170645
3093729524
3872401383
3202856919
1071184850
1269490247
1236875236
2412642537
1971777938
1635080817
495153722
21527960
2067807508
2375233420
1593818989
3101567084
1447351972
2427423885
1612057246
322297270
463367464
1220522491
3236265764
1026920538
1555992855
3933660137
1035722810
3007417385
2530655615
3605363626
3715256849
2067090744
179645876
710496395
3811132438
4120041332
2424224495
2108198624
292710707
1339376471
3168946757
1686959764
3879045021
1609774677
3582526782
2403261669
2079681760
4271537278
281495009
1693103468
872554378
3637618604
1559403613
585313356
4292378158
525653699
1373096726
831145544
3144425890
938695225
1924798683
3103757158
2867109296
1763106793
2062664318
2510431340
1739195610
1340984517
3423016172
2074304999
2080159560
995545401
646068323
4069909025
4250576679
3637758913
1922870182
3300376339
987607580
4179966148
3237535440
1231566614
3201483854
4270707660
3845963178
3578342031
2560848547
2085507340
4282530724
4216384712
3337251405
406501572
3294550583
2940148760
24291973
1595096494
1629609021
3280714421
228672008
1961650307
1130517615
2307499382
426033655
1310586756
3619534374
4179533256
1908481220
3584665860
1156363085
3692844535
4055818984
1222155764
762627878
1361546621
392360841
2335308986
1268137339
2439038647
2521438676
2564501132
1901087971
140151163
4215308060
3513070772
2176603423
3942133046
2554215872
896176584
3861086427
2214980110
2882941903
1382103140
2105475594
4286453319
701211429
303210784
3174182803
2606670862
3555737397
2993583521
456056046
1853956802
2386247980
1898607314
1546275349
12032858
2247132278
3588197190
1363652305
206044565
380362668
4063538030
3747885771
783090067
1420297625
1121344261
3765249773
1979353516
2583935208
388405202
499992244
1118705212
1305000148
1939662832
3090027608
3556005160
1748625743
859028430
1855361668
609088033
3353204012
5816135
499848794
2359672581
2898119384
237708455
533861785
2638961237
2001956277
3524156434
1582933641
4111370058
1964523461
633703167
1657236646
1130526348
3269754614
2924136834
2191169524
2003192701
3638122489
745615227
2086860815
677233955
1423503238
2635234751
679660703
3747084412
2687396093
55451296
155767651
315309017
407136166
500039874
2539603772
1449342653
1182262789
3988884472
1352670838
268683423
3051348405
3072040766
1699703102
2678042136
2573920005
100090657
2772145082
577521028
1921864056
2144956255
2077894759
4224255073
527827700
1398615343
3988920691
1521924278
1708891021
1247440657
3757879999
1453416860
3118776543
3289067339
324289597
209587843
2303017568
3520177586
3905731292
1972588729
573864481
523626786
3484018831
2367020587
3573958978
3536238283
1680171798
2939925585
1735045797
2579801670
3413903366
1493732767
3349446192
414467171
784074227
2648370099
405777945
2404060110
3311297605
1641391152
313460060
2832625421
3491545373
2312464146
678138705
3870962477
680983310
1110968777
3286115453
1395810187
1748849225
2853166119
3809753619
666262749
1610211651
3526321391
3100381713
2734741155
300689272
102856150
1427092822
2156515687
2166815291
2015799913
1242983411
37963109
1295761240
3174207760
1317643609
227002393
2867642771
1613156227
577072177
3064007296
993756369
30882763
294184425
2683721452
3638988028
1621857588
19032053
3894845813
3390461718
3427752407
3634339559
2313006280
3210697198
3890455273
982999876
3660998864
586506699
3341300096
2394903501
4265413563
2329810501
256004646
2839382495
1592242616
3301016703
3275990989
3115092143
2544131619
1497287360
349784159
1882815823
4175705601
2745100348
145625360
4212545919
1430780829
3934584152
3534343613
1606168602
888937551
2115703999
1968637794
3599991062
1868976903
1785596263
4092241019
3686141834
3766720263
3019780696
2076141043
4159862682
3024514407
3952520578
3342473372
3093138294
2850114620
3214780403
1079380574
665997118
2061907517
2478172714
2327927593
28595521
2169515968
2231263038
382080390
1858097454
4029876997
3617415129
593646023
518303010
2049789982
169274024
2352929397
3283310997
882164117
3427326103
2067041119
3748273918
1936175581
1417859979
7562671
2302338616
2519475124
1429566492
3937723271
2745649201
1155331827
77290807
1761501961
899482226
74088513
2829782669
1824503661
3596807996
1706198126
3869414086
249617006
378587804
3263047168
3610634187
1587046106
2135705149
3354214992
2974454730
2550604672
3049537727
493129153
3244863811
3869885034
58321221
2764499587
716289014
2769947767
3088974274
2676481622
1017420658
448528620
4238341464
4282238942
1688023741
4189637958
3943635095
969710393
2057057757
1019012861
1441222555
3876483125
1505174787
609745452
3244244284
2064181328
621298653
1156009234
642575423
393658951
4078672355
1619099002
4167144188
4030036856
1976952339
2082645006
147093029
3444621858
1743770108
1919517768
409258179
183921344
3958445543
3455221933
72281465
3707876543
1940218112
301436218
1310663315
3596262026
3741793764
1235222977
652787833
985883074
341620300
4030915914
3375298660
1734899365
1357786974
2355327071
1885867376
1433652824
3199490978
175437920
1838061167
3397317721
2590282244
245249940
500084315
536842418
2643489187
902799112
2432742763
164666511
719527387
2710893742
3046356101
2715586442
3696640063
2051637379
3668841064
3664620144
1777062071
3250217834
2434850087
568599398
1169644070
1024196470
2121627744
434622163
600173140
763091310
3343842591
3926307529
2729430902
389651887
4065046218
2098968793
1226231759
809502800
636257306
2096782807
1256663085
1755093990
2212401199
1512748686
703168520
2347638071
3264443354
944684076
3322998375
816489515
1309725995
1617047721
597835584
4066234396
1179462369
2952235767
1511847946
1153553907
1932103736
3927940670
2466023516
1049707602
4199029456
3260971906
4292869218
3632582008
1703227820
1804823886
2790913546
3038269383
4072058843
2489948048
372974997
3792998
2323006373
1286038089
65518172
3827735417
3653640836
3400031170
3910208136
1363488379
3751590480
2549560483
963903880
1588976510
2756360681
1350785580
433119978
3768371782
555506520
1085446137
1057862778
162080868
2055478456
3864308532
1749235204
1740145820
1202132080
571560982
308024795
1086466355
227789866
40794163
2257784373
2404954962
3256430364
3843683131
885696987
2692310957
1025934517
1325069566
4115759082
2567635264
499857624
797730257
4163850978
274274050
3867899726
1076154539
521954479
3243679068
988418106
2182435656
1739999646
3841629830
666156700
3539300120
3338013247
1152119288
68909162
618271556
1923915816
146902343
3669367875
2418575168
35110797
696572150
1432087546
828843451
3899962293
2420163782
1879723058
691834615
3087393138
2653328859
2650363025
1657895727
2070194758
2155323747
1410421813
1330563702
4180959087
1065472559
2984183776
1638095918
2563685009
3573595678
1984374964
3014728737
2212509292
923325409
2904734773
1882697490
29311960
1634573109
3757336786
2921991368
1223530733
1715656455
1702517416
3929750564
2904978215
3272339754
2447263468
1631448310
114276740
1839850677
4287557663
781331684
2905875894
1272986913
3476043515
708808859
2548678027
3892672356
2581841349
1900830753
3151228023
2427084450
422832555
2670642424
3612098424
3983842583
1171858006
2640277950
3442805520
1339176062
2950023361
2346942383
3442570566
404875298
2077388627
3625693695
3572449979
2504521194
2956478894
1177596857
2332062541
1907977290
829886215
3295320091
2993546871
964281286
2602968345
2958806666
409254602
3827868709
3935022482
2932005587
2261385268
1427730908
3099029177
3719947832
423439021
455748708
1038486242
1712940577
1680646772
88742799
150955750
1321627034
159705109
1249354414
3242222754
3090231530
2324594330
3364095547
2519603402
3221932520
4173331762
2813814425
2372863648
1459026217
3614129444
194443794
1883262732
108302434
3241785828
2659284042
546567357
3691820603
4278286003
3774296059
86025735
2841179491
218177371
1097964988
970645186
881189071
3137553994
2324383818
4215394195
2261583595
346130402
1595904241
3188419299
3744570620
1792183154
1057690176
2214757370
1650789145
1549529323
2147539124
166154862
3814418561
3288452562
3238377862
68816453
2040421248
2468574653
1487610619
3690719840
1314786760
2260733132
933810430
3054748994
658424724
719137413
824418660
631963135
2839036338
1877828837
1134590008
1006831261
2632373766
1502007653
758377496
1567509322
323432805
4219821804
262420341
877534318
2564020419
3434315812
682381894
4271588738
835418097
1072268715
2593877085
456733057
1641168808
2089474298
2155579695
1423525899
4222699826
3462110626
522997837
2884121022
3185308541
964713095
1169166600
397160398
591593646
386571835
1922035744
1638948021
3432319872
3834818756
4080578345
4045397998
2472683417
3037203679
1261715123
3902541563
1933094394
1570720395
2351236558
2666131301
1730767618
2230979638
585807712
3031082585
2894002873
2741257865
3329191670
2996259904
1673192525
1491421267
1749337919
589028170
2216132191
2397079122
37651344
3600598513
1445083201
1991399396
2381241862
507181320
3878742992
2432173277
2077490344
3016648969
1654104949
1756166784
1519599706
2796788383
162854713
31463548
2947933201
348420557
2693604022
2926554895
1732995477
3596576313
1262626617
2329997232
893999372
4257187757
4198416343
1970230930
1601706797
1005072353
3574621095
1736575799
3479989290
2176197909
769207331
2444069253
2929505326
1826740004
3958816419
2485129596
601545795
3300763913
3681526905
2069194437
685561241
1821025515
3952537205
3991067767
1920645914
1466686109
1513110089
2764547216
3419399118
2776794836
107583406
2485474710
3035485498
3080772135
1903791363
3222384774
797986492
2706334854
3676123939
97783007
593355504
1141662526
1755360195
825397293
4083929793
390064371
1531908227
1618076901
3179652473
1371773423
3674584535
1349420882
2597158353
206164104
3291817575
894884597
542673940
3800038450
2272678663
2269110489
3075684383
2155925200
3318450911
3946076410
109781617
3131674781
1016993540
3650873721
3284145074
701092322
3542553485
833681297
2394399876
3629878197
2708551978
4151232889
1995735666
1380036771
4182140385
3569945337
1801670148
682698959
1668595339
1616576099
677650549
1561513045
75049774
1184330900
687592223
3282240413
1805405862
1533486380
3422629122
1651175008
2723072342
2739060866
617609886
3026660348
94547515
600641122
4153319931
785349067
3994605970
4109075506
4101516666
99128106
517644643
428376127
3445225035
1576137358
3793233057
2425880281
2494652027
2272925097
1241493257
153885750
1727533669
1121204852
927036874
3990901608
3472929450
1889979151
2245636725
4168583849
3303998559
954851390
2602425478
3117582964
4029681660
3506411818
898546476
3832518826
1994746839
3760738622
1672880594
1925589257
3585154826
677978186
298518442
2289399741
291607387
1949352307
2676462326
2602462156
3885229567
837866446
3616055088
584217574
2572299208
1357993675
623719440
1121112412
1629077959
111129864
1434751723
2599781840
682438045
1892937781
309912922
415852441
2169596064
370072009
2676224409
4207699678
3174638422
3939913609
2677015448
126625662
3509702082
34793698
3040141881
3482460264
1468640988
3438272525
2082954638
3056012584
3763962394
1439757847
2557560703
2842287107
1262842182
2960853763
2040844657
849338969
2105719186
3288544305
1277127207
1517534651
587427858
3297136304
3478864826
2691447888
2693869756
3086850059
2413684227
989771642
2470419669
3322549609
1474149072
1873344336
2467918688
3658393269
2859930371
2015796607
3726280552
3410118242
984122581
828990715
4191742924
779047687
4170509056
2801637503
417945622
2615712359
2198843123
3650062000
1661964747
4130653034
3748760555
1087379074
2804727668
2664422740
3856969063
1874216458
4290570981
1898575252
1003611640
1303093205
4268419565
1778059033
2467847410
3521599648
4083335241
2191156427
2391973153
3734776258
697318205
3513710647
3925850876
2051258676
1503499948
3231329102
878414041
254414620
2035680015
2523732923
1155114920
989442350
57765338
2439029291
2521450714
41305225
2687433688
695639166
3832974879
232531895
1994737425
2361910968
2039258509
2515170967
2927402409
3104662761
947726529
4212999582
535841160
3110731019
1874518626
1930534497
3103218039
2107247499
2921554572
2975020885
648535906
1055461494
2484466855
2434506255
2540710508
422773815
632044684
443263368
2422210536
125665466
1981269088
1592743120
3055813277
2653206830
2489616652
3088919404
2281415522
645915440
2762904229
2622537576
641026949
2084860909
1834886704
1411858955
3449324129
1789928944
592336307
2831899550
255033174
821385223
2951511062
1985717681
1888174824
382566431
2583516933
1498192628
3108690777
1480795589
1354204059
889728706
1147443815
1724331421
1496001788
1011345200
286597899
754493114
2738453183
2637025661
4048708475
1904549140
1781671628
3547368009
2914971641
1853033778
2128831750
2255366166
164736606
2746335902
2188823359
803421308
546708353
413127613
237883929
346575886
94731677
952370364
3431509259
3769696949
3266573534
1162492029
3800741333
3335912734
3550730405
657455896
1649998953
3928756969
806074442
634608490
3121585398
3344592368
731058093
934686674
413678935
1467665719
3086202903
1323062033
262811268
1353232709
984106370
2495214273
4059329208
2433685478
395293125
2349251905
870527212
4075767861
1382560492
4239680156
1234607838
4269464665
3213427425
2327932144
3519866665
3243519081
3740812726
4002289473
2639883638
3801189911
4164396629
2130221329
2328611602
4248466547
979558790
1386662997
3044455787
1597250258
3197622263
2745058699
1521014206
4089871680
2915330867
4011540478
1290059618
1400415526
2793527383
1677784038
2287487371
1485162353
4175904004
2485638189
1107657656
2653509856
392303977
2525548007
682414648
1201878446
4089509978
2480767721
1371346570
197847422
2955786788
4257875315
147164340
1140132516
2362835167
3508615864
1438376411
302207397
3648611182
1935617855
536451753
2100025398
3527543429
2752824706
516630012
3503235129
2740716275
3343914249
1417392985
3558562330
11607369
2186840144
3267849432
958908087
2075802888
1919943081
204586841
11323627
2040243746
1837626156
2046953277
3910582280
846502825
231780705
4077951479
2345770647
3846203373
4066719547
1013549373
3713848201
1065511335
2926274949
1863515901
1487892814
823857477
4093682877
1799716663
3780088647
1244329542
3409598469
384323958
1039604083
9391063
3665213039
3621249810
14861175
1643336471
3773956312
3620640724
3895991171
1424865375
1647414600
3919095177
192116724
993328091
3262422857
1746199394
2665545906
2545067318
2770151606
2635923931
3739448221
1665315769
4282628171
596576905
2075100974
666982446
4145978650
3837800159
578023962
2596490278
3092912108
1742681863
3829418598
2681347164
2718526746
865456029
3173843939
2744631303
520159729
1473054071
2790083994
357778037
481148347
1325410327
3517997799
3703389739
3152733690
3077589531
4198932382
3275137491
3964525527
665138657
1837397948
255152598
849632999
3145190742
2839165212
963833707
2453570563
4083261747
3956198302
1131370726
3061320653
3779610957
901971906
3041945576
763605803
2235355862
654289334
3423564620
2542536052
771345929
4126114479
3288563167
2785867467
3919700967
3801265074
3036026326
968171908
3846042604
4047093162
3126221840
3307705570
108114853
2418708770
1463247174
3045913496
1518940595
585357656
808614905
3690246466
3123905312
4042652899
2984507684
287475972
3333801100
629831511
3966498839
671596725
740982836
365291151
1346060833
1813028513
4026545450
1852491482
1183778014
1810107953
189336204
2594302253
2563498701
648981775
603921517
936814990
4123842297
3475435612
1627066774
836360137
4015186892
219753889
2518035098
3767021418
502773364
1132552611
743962878
2006231273
621995986
2416602004
3265470501
3853291250
385626829
1936950032
332384200
1194397869
2989436085
2295628010
3663396644
2700407864
4143586901
2968022157
1476454993
2201453682
3964684597
4227602641
337276493
3103033090
2583428780
2334024335
2168198119
2790884670
3516173449
2157025208
3435606828
1078096572
4504394
542547522
2774831010
1588125195
920504792
1987192378
1915915248
1239910760
3456972164
2648922185
2575303316
3694472841
1888459082
2768079287
1896185728
149578035
4208429132
173358188
976127418
723195041
3885661430
2150932494
131591491
1338652558
2808087299
581068796
4064911043
1366090927
695852611
460024174
3441128484
2329756997
2375963557
492652651
1237998494
1392553739
1263191183
2001546446
1386265901
1268724170
2144932108
2482650967
517758243
677732816
172497278
2833733867
1713400426
2631929156
854380697
220839722
361216977
1918870103
2738400852
1890994161
188226239
3574576690
3354788071
3120500551
1600033360
41724691
3272455724
4131088540
2994195347
122810459
894595348
2084960197
2932730333
2077035676
1900990102
657193146
923758405
1032531591
1595510742
2323468930
2815800756
1807271282
50584755
3687129780
1153050518
981941079
2803730226
2209120958
1213161807
2161939316
325414852
3640802622
3312814928
321416882
2151941748
811361938
1751217000
1350801612
1043990455
2217189005
4273172504
1846206834
3331884942
4125028404
254184447
2081690643
401597147
3168914492
1881966116
1285692513
2539082580
116395045
169157554
2569306788
1332028980
1554292827
1072873424
3174368212
4182159361
2729618251
489406564
382911835
3323528559
4183761491
2457117288
1671616903
2894776281
1734409508
4157582978
405587512
219014823
2958272657
1349142735
2278910939
3138281118
2380491186
1520235183
303821642
3245958864
1791838776
353399648
4157916537
2553243355
2246176713
317112282
4109107321
404165277
523273482
4045466269
2668314231
2529068048
3433563057
83196985
986442028
3262364715
822656975
484428388
332527314
1755112414
1538244001
2240203180
3940548277
3417702068
3014751416
2328596334
3157664335
3959567980
2055524284
1503686526
2709943430
279478428
2232290573
1065280093
3606293715
2034776306
2823281925
2909836630
3362694739
2372291386
3874471355
3459171963
3605069520
74792002
674950359
9265388
3149627077
3539554596
816030965
3658637585
885265864
707700574
1234161280
3763229444
1434771369
713965560
1434511885
1868106390
1070624092
4112197680
4095480769
3437055333
1234185092
4159431288
1928633129
3220348949
560221827
1860826070
977830373
1482206253
2853834800
3315508254
986556050
2057520404
3814010865
1614217033
2617361076
3037392252
4038699899
1269122183
254510948
3334023425
1710779650
3321056085
2817430571
1251087227
3616820001
1290078335
4169798619
492463959
2033121130
2168923191
2258569000
1683969376
2274876449
4259466652
962867812
4212610334
2105274676
2862714977
1139356416
1197642783
4259147659
2824501021
2005720388
3815801716
3567831627
111570718
3612925276
2915008020
1905529657
3948509977
864457240
2023996061
2434052592
4100210151
1219279091
296227837
3859106167
1939268769
3682101824
2643573009
3314684538
3484361638
548153837
1994688520
844448126
1544961000
4270766087
2530655262
528843169
4213274648
1822449555
3226252993
1260232687
2383853049
1184361950
2733476510
2360279805
2592065957
4252914043
3076640694
3000553208
2823652677
1234869277
1677434551
985363345
963018282
3740105426
422602841
1475320432
3257760007
2061621260
4071556142
4143254381
3367296717
3682119979
82192835
987297077
1501785454
73360762
1963204626
3005618754
3922671508
478370273
2911132602
2618498576
1542437073
2570455094
1920673795
857816241
4094539425
4220485355
1363931250
1818373920
3809864004
1528283750
2660611196
599981064
1920842807
1464377003
2143631898
2969636960
3327083253
1232603196
2393377743
2708420701
3972471715
3487157401
69006062
2925223833
841360193
2015483407
737671024
890403194
3617717855
2015911756
2820505412
4275755957
1949872704
354181606
1035529733
3522158339
1721078311
4204545683
2155738692
1646994241
1990640970
65445591
3935804376
3269756714
538316807
839052577
4048269688
287774219
3347676416
2843574869
672933025
1887387293
2752528424
210035970
2283712977
2796262355
608188956
1018288663
1919798468
3351199948
1196730568
3176872332
3271277574
2424382348
3018255259
2406417094
1196872361
264679348
1043677052
3521762445
3894801198
3532670600
982955095
8644142
1532324492
2208135074
1408962722
2538436436
1621237604
403311034
1474103709
964890313
2641551424
3612218823
269251238
3245682833
3610963733
2804427203
2049331274
3687843451
3919326814
1734782816
1741841604
857907409
1514073263
3428984920
915161160
2953950852
1051075120
676038553
384176037
2243257145
1581840390
828937278
3648625780
3096854116
2932721456
3659513795
50403727
3820167148
3071608640
2644794349
1373670905
3867023937
916210892
70155909
2124210956
3735994073
2116664493
1441478546
2918510002
2360646525
267081279
393786153
3277458490
1504865951
2793109983
416734600
559376086
1447870858
725257926
1337944469
3725278569
1486362740
1634554035
698085680
3323659861
163979436
3635709631
1659287845
4090169590
3502731171
1889841578
2990599043
3546169236
1237186778
3720355284
3474206952
2682441575
1751903948
1510388678
2512908996
474111445
3409221034
765117722
2642245541
482018059
4048731484
60336483
523659950
2433844081
2010665892
3667163618
3574433289
1091830837
632519095
3634911681
3735932723
245898188
1004683493
54087772
3249645913
325707482
4027498316
3163335409
2428513522
2280749855
3887486633
758655550
768310404
4008053132
1770604393
3609997576
792732822
1494663200
3062218083
4210717977
4069306858
3542380501
2129847568
847053197
111525828
240260459
3645057335
1893652980
3768283957
2845676338
1198732423
4240578412
3060696867
4281525468
3165107062
3694814258
830538667
3341659189
2181897078
3105353006
711964185
1877355649
870828974
1254690685
2919541213
782840918
517972560
492640770
3128873652
2704771640
1370524668
3138053126
2633322812
3849886801
2537771982
2018303743
3297666112
1535668356
846731273
1715633581
1874045085
3022497661
1737079626
3831957654
3970624671
4042218458
3467283141
2823769074
3607443799
2334399119
4128740304
772607807
4029470733
1105956488
1197255495
3556145022
3492684171
2648430585
2797369732
3445028369
1935030514
3736523327
3360684322
2487303588
1243861003
611998476
4159911213
313483777
852131200
1362097145
1473929780
2469089337
3465869905
641513080
1578764603
936915809
692513588
3828974549
1687193830
3982561993
658133483
392844206
553284629
2017666556
559761355
906225587
1369309201
3483377418
919364582
3602884545
905949814
648239329
2302108055
4242372367
1578969752
1840566249
3748906204
4172795804
473820877
721738749
1950600193
1411602472
3928478846
163929721
1135439693
3866625451
1597677774
3660415304
2809351142
2014035134
450184852
1581414960
3123906062
3980310254
1885269267
2961331932
2351540937
3958765980
3235310185
4106528898
3017256163
220068668
542934371
2383469583
1847884924
2656430215
1878885441
4172993073
1401575297
3234279578
1772989135
2194652439
3725275076
4041800612
784880860
4158799598
3108478878
2043673112
382710494
412250742
3253330321
3924351284
150272791
1605563145
3283742030
594943501
145167513
1177974027
3983101352
3151362481
3936874892
1985032404
1418763984
2759494140
222127100
1517871075
3183850834
1632838830
2610072401
2669469528
2083182696
283970440
2800982289
4006332479
2429278096
2503954991
3156640889
718544497
417838354
2080186488
3387113167
1860876716
4027279495
489419990
3483483083
1583006047
152460066
1653702637
996827979
133055939
642489385
358142765
490946283
1749013794
2287095750
1989469289
2308832155
3426617867
566055540
966238813
2458694044
3999499420
3118661113
2480441924
3681234668
231191044
3849643983
2023452967
3436051960
3645912953
3425352223
1700938537
2132049276
3065654803
2662702774
1184024007
3058763765
4039707928
479527426
1893322597
4101392038
376084065
2366510010
1123362960
2113566905
14760648
4243028649
1573046551
2501197266
484268448
1925982977
2471556265
2419722690
173396390
1243999902
1889056998
2950465768
1147036456
2326745579
3329914352
679726568
1881596700
573984102
869388475
1295862366
3326734275
2974153693
1336759163
1135041634
3098407799
3586031670
3656509615
1257925008
789729081
3122767241
1261645312
2245027392
1363996564
233531178
2625632379
3047529137
2149781162
1519233899
4143650651
670408667
2329481891
187899725
4144885037
4182851944
1025040599
2087249070
4118043912
3419326773
2218776827
1847436742
385110406
356258678
4188066486
3253874895
1007210598
3002478368
1927037709
2345337906
1564755238
1800506125
1496405243
1829001218
457248047
1518365750
4036087025
3027873523
979675268
4288644070
3028725486
4179952989
54085731
289441332
3360699369
829496379
2028307812
1770959544
1176757443
445023967
228812762
2311205501
4203007227
858939777
3827996239
3158046655
2889023490
3265410509
1707726113
1815799441
5996877
1420137634
1670505189
565411448
2704473860
1837929647
2126148812
1078458444
2753518383
3153197801
1142907485
228560418
2185632600
2259641736
2243856897
1863787526
2624812282
668112687
3466014018
3485688438
4239628616
3048433657
1121386369
1580714840
4102288741
2254683011
2186471552
2918571228
308223937
2463646347
2170401181
1800843938
765820606
189025627
1175568023
2492460055
1992885739
433743970
261479416
796701181
2988290719
710404950
474781660
3183269699
522841215
4104026091
2358218953
28356409
3814370644
2327424417
1610840095
572436919
4201345947
419355319
3654883623
116034654
1580602139
3574971425
930005042
3046990019
2550601772
328720636
2952624773
3162009384
4289069495
3559771688
2390505416
3931445274
1702515072
3910055839
909144751
554404953
874478597
1323707183
3789451998
3806140099
3183616867
1345884290
1911028415
4205062350
3259673899
2468095426
2865948269
3853357055
3067263588
84588186
2814330820
4013177402
3654259166
3303942772
2711500605
2352866330
2058834867
2026044104
1034091588
1078179347
3001133853
3489695165
2089138591
4146633962
3073191793
1799302072
3486489759
1268887170
2943782468
4154019968
2876190066
2321666123
751883016
1456827986
2813234154
1652282110
1143445581
3873476985
779064601
4261188145
903830003
3588578829
1914620651
1453649047
2604291892
2596997059
4125833282
2755843465
672972307
2381271108
4189247395
1818653389
1506194671
2594057719
1295340357
2726245656
2240030853
2160340215
4248006410
2657484325
3911023499
145332054
1453707882
2657301041
1808636982
3478668593
1028584789
2878597599
2963889636
1652437174
3208113844
2907236125
1697687042
183603974
3492446884
1175539401
826680283
2078666334
1469284626
338746285
953864218
2608373109
2689512641
2821278685
807005205
3216839213
2246188240
4017940907
1614544790
1058079353
3376706415
3123820365
896020455
3424889477
1511437794
2669544429
4068688028
359234502
3854420000
2940370373
2888064129
2662192262
1349302957
2190909093
3361781304
2644732279
4135949848
1902497051
2343004316
3824742516
2826657600
24776840
972443968
1095420326
111101066
3472556687
1668423031
3624535521
3819406489
731933255
1311050454
366000507
2423472139
1823518828
2160316760
2474093338
515261897
921202748
3223880689
1979308698
640108303
649450823
4218751586
3386783933
2970145772
293623611
1338665033
206114554
2800159094
1438127074
305349809
178017287
1632221497
626546664
1562480392
2942068346
1613040758
2792812934
2231543408
3182858662
4279611414
3446215256
3441356652
4013583027
1856078076
3143138907
1600331281
3796259837
3649595925
2292946817
1013354046
885629949
1691580760
3480944278
3214158637
3932515472
4131836370
1631914748
1663801683
2238001982
403256299
1522527422
440865347
3361570559
2702260705
1567732227
757479462
1919841121
1360952967
3615752284
3887516706
483681472
1055281726
1913712947
1891136314
1246235136
3180177435
3774112352
2504802227
2196090968
1894342904
1695993440
3086659935
2309324175
1164261394
3501225497
729314780
394066046
1672129471
2648011199
2986189881
2380915533
910727665
2770832723
3891419371
1291275747
3826940681
3897804968
3606368010
653588598
2380370406
4008356576
1162174901
3685095816
2347153154
2147410282
1836887565
274103249
2632398367
4101710755
3890756867
2645970550
2989360189
112118485
2864630389
324439686
1194649790
2158851512
2547450019
1224003762
1389225978
2680641896
748284811
810579324
477233763
3326274296
2801948771
1264142503
733136222
3912863554
1712145647
2854990571
2998453779
4063829379
1857997235
2679662853
422453591
2610520906
1449738833
3403569151
2630198571
1309537873
4005350289
960366793
2680978932
3281556561
1571280410
534772895
1573199437
928559476
1290300081
1030168103
3922060770
1557385804
2173870893
1435441428
3488221407
3167790231
3435793512
3514106063
2190837729
1360284444
2994835021
1582967709
1032640562
3121794802
144566872
2960651925
2491754291
4259955858
1032225545
4037039763
2276583081
4280297842
792098746
1360546163
3459171882
190336852
2590610812
3858612293
465909295
885372429
1923467653
3221754606
2452030936
3406117144
1091652590
746843369
4201602773
2209098733
3988854083
2105640192
2107151799
79939665
1503649043
1771785616
673613881
257075691
3199825284
2318943900
3631663074
255438145
882086326
2015783345
1886487817
3915021175
878451024
2424484460
2063880279
3857383756
3207184309
2228461239
765051492
2870314609
3514257299
1476527164
1265272659
1310807487
28566726
311129037
1738322012
3166864865
4166887211
389250754
2831127008
501301408
4145608040
2500589568
3307985619
4072340888
4275341960
2505626851
3803155963
80552198
42975112
1085511557
2700310369
3453846572
3664600263
3234312757
4019030819
2627558766
1938160626
3350289055
4169845748
3996386287
1897557859
2595075060
2377913166
3852144039
1243568421
1808956586
945562978
678666999
2026898206
2970602609
2142831320
2248051470
2561875510
136118373
1299069683
4254856425
80658598
942753711
4079927499
1483334577
2783436632
4063016215
810965792
3199558340
801572578
1454261258
2190398168
1207842463
58003149
4103771199
2712381908
288288350
840377498
3168563251
571127771
804899260
146658271
4194483496
3803555538
1762221435
1446133521
2397863587
324878943
3821265045
944927332
769224039
3618135654
3546852211
881023467
3205402138
4158852122
3553996021
2926696760
1206497229
1983524040
2934144974
4207122295
202382079
99274940
2219031090
1046033525
4016967326
3316910745
3151502394
3051694060
3216642056
1958423955
1351389300
520792375
3831684528
2039650483
877202306
1152992825
704746245
149305309
335146274
1332724936
199774112
4294917973
2657502124
839516544
1909194877
1452803431
1880344858
2210763024
2350997811
3268032898
3066425653
1475628019
2672292550
63251280
1259362979
2073218994
4145582792
1946922565
1460531269
2228917631
356278613
23078102
196732876
3738693894
2486416986
3981767334
2504045004
2039456195
99583934
3795369764
4279493868
524495608
1832878467
329242125
3226200103
1465276031
3866846218
3718914600
1146410966
2944371860
3445488309
1489966386
2530568372
892670512
4057576642
1587362493
2082595095
329091239
3282123758
3643203890
2219937408
2838178439
3965962637
3103188616
383009536
2168820975
3673114190
2226741125
493332531
2909885514
1868994126
3967928870
2468455491
2300688446
1011033190
756040647
3925353945
385229439
4074041178
3970771395
93327322
3453693037
691670326
3595704150
522062421
2274665534
2324685627
2403190624
362887920
1267897857
1434846011
1309790145
1828601549
1654670066
4196539053
1391912548
2588434213
828222099
4091594134
4012517592
3175913939
1629598334
2103445848
1960437872
3477278148
1401127747
2258686758
752176943
1779259648
2843397211
1408564074
281295850
2430017843
194919242
1758765146
1547800793
2578306900
1430005009
2782369410
3360573027
4095289359
567619714
974735280
2277439391
1190147502
3670608180
2272998812
592517738
3193335807
1373581485
4218557229
3610404828
2301392885
3478555632
3007801415
347478046
3739018031
2134063962
823946998
1646216503
2177382575
1311020390
1353830
1740247451
1176792710
1990826332
3950228758
3721804067
627401488
3991109717
644167630
2627794602
696629270
1118735601
3346217337
2204034604
1143609650
1240394500
2969332384
1817403301
1794573501
1540862368
3747204793
675769153
3936907085
3049143897
1151645362
385944948
2730776648
2162414700
1907455334
2719064095
1238237224
2872741611
3695009313
2125271541
1693371175
2606494840
2487480241
2283289878
1738415428
3356685155
2524138525
3227038381
3931603408
996039795
3350455011
1695074032
3354845195
3773170801
2043191335
2465893221
3805467661
1975808411
5302300
3223306689
2942435881
2870560236
1206428305
2389241497
2711287163
192342474
3127356146
3981902986
4193861778
4258917868
475995831
1077716133
3346946812
813717340
2046210122
2569724785
3565193307
2732212143
3013907403
659492390
1322290229
1711099640
1653275122
4170340039
2075622101
2019770051
1563690799
1751920711
2257605541
2439981967
653768630
3483477059
1487043352
2422930120
1914340492
1605511580
2498106160
890269938
2853616488
1803423283
3142105386
4187109150
2525831041
3555940334
3175917843
3140082302
824602302
3668510690
354624925
3084419893
891559852
3162147222
1289687603
2977246485
3780176795
2971398274
1571599090
676209148
1183384289
651240241
1008977587
2813505372
1629521253
3441132275
3135761573
4248976312
2941669639
2236523026
1039644598
1252877204
4100245040
1705089620
1491674940
4279061522
3393169872
638800671
4180846216
1146611932
3506013922
2572631664
548474219
325183968
2538341472
3812673416
4025172625
305109290
4277386502
2353018916
3983193754
3959807590
1241147032
71634934
170213569
3109798420
2257998150
1246830024
3997386361
887235842
4107583140
3726672503
1882195277
3245011658
3500251392
2148380354
2407806746
3014345219
4126071402
2558964687
443661831
1791642514
3497945634
3972880613
344949314
1947438064
3743756141
291386414
2255958993
1832001127
1181019049
239126736
1733558892
3412288947
66309064
1985413616
753248268
338070434
2416066834
2007348407
1779681725
3599784681
2078815706
2713982203
812753687
1000178197
657029711
2505297333
449565639
3609864168
437933259
2770264800
3060382338
125158903
2042721605
1403381472
1771404255
3559741821
1570060505
1710833623
2316377011
54710449
211162595
408129177
133183123
3382698429
1021681449
3767736702
2879673274
3086792970
2277080755
207404850
1456268749
700599095
3803806021
2998004487
2728180177
4016093673
3755038392
332654280
3260478254
1109850492
1665783498
2346479477
171770092
2683780973
3700882916
1909832242
4134930306
3974692813
964673947
2091438604
1698043742
1445705193
848156737
4234861299
396669588
2192806394
2933817935
719514834
4063388208
3896082705
2628910113
689297762
3788799769
2847200891
1002845193
3609049019
768171604
1813342957
4269147653
3825635563
4161647958
1075662749
2347127745
2638524143
1772579823
481076190
2079941201
1016138677
40863614
2504564821
1464065870
137548529
3174538929
2379134878
201161867
1549362487
3369984481
150126275
882905582
2795405915
2678833346
2111781513
1406644084
406874295
4086012797
2974651414
133679584
2908090322
68550539
2922003521
1537006493
112210616
2312100614
3033734289
605667133
732745483
1652831021
544044303
4090558241
3437587886
1341733011
801890804
1765135407
3443332530
2421690864
3976949776
2392557828
2722272158
2148998028
3753065536
411056205
1842176468
3568319387
609529498
3472165157
2118991538
4265887194
1460558914
1049837957
3811248737
4257917072
1581722159
2153764857
1049074224
1863719542
888642726
2949288983
100859277
2927412808
1922932094
2969759433
3228482378
2877986171
2430662662
2126687322
2226084370
4187052177
2018305914
2735162600
3240320247
643612960
3565092573
4229260872
2949504727
3350761852
2352012443
666330307
2857374139
3873881330
950259935
1167364672
1991658681
3525808146
4108253176
2295401626
2562330235
3284591192
3150325991
2981732083
1020410583
3220150655
4259710850
1667380909
607125634
1367245574
1501865156
67280196
870662151
3146165802
4059242237
922730495
2318071415
566158610
2746457311
674357582
2317528198
2811897416
2782060295
870153875
2650811672
4196722984
1098791578
4055642616
3245988908
3701227435
2641837005
1158272501
3114650738
1689109141
4281177853
3198647973
2253287162
1110274558
838728784
4003029788
3349071956
3821267022
2678804633
936261451
2707126491
199023060
382563967
566910158
1239362848
2825722094
172628081
2629526214
4264008042
567732299
338314666
809377741
3162448711
2014261382
459241102
804036492
1968653064
715728871
3916879876
3318994908
1035366814
2265327784
982849286
638190714
2024685950
2463103936
2528216071
4055386746
1687831179
2405409256
3199907842
1939994803
1196149849
3928300347
1356046905
274959148
681067103
3458667307
2372078790
132719166
1779124913
3603182907
1894559205
1530229069
2415166554
2824243680
3411938586
2808087881
2116841740
981388496
876772407
791590006
4138531991
968637841
2712414117
3831558344
3846561282
2515242302
3612280662
838447875
857871422
2430007778
3103166064
1784364949
3030587148
3076508440
2812244331
962566071
1854411301
1133644322
428791341
3882564674
3898884452
2374648422
2931992026
2973139716
1426139406
882062104
1514686699
388616078
1377818362
1374825819
1038638688
1140388472
823947527
2965954000
2521856639
3287682057
1739141149
3800627275
2791244539
994628039
3015178787
3056243325
2808417725
2640003125
2164519682
353570570
2129241865
926250469
3145826374
2308842946
1716545639
4013248972
86605203
1385168293
3647173130
4101365369
2891306550
2507550244
2106665902
1209888889
2370345278
813271408
747569264
155106274
1044756245
4193731538
3445016738
1265701391
4033576830
2969249611
1122843307
1700324495
1832476556
641254218
3225025712
1916189702
4267533351
2665485098
1178149770
816655978
189604646
4098375445
1956555014
2690631992
2247801887
2062857844
4244326507
4063930345
88546415
1373192455
3482924397
3268548305
3627783818
2927452535
2225045068
1271128687
1785391867
360425926
1348782772
1986781457
1272375317
2047375558
2845304307
817599231
2469217833
158497166
3833002143
1280778567
861565898
3850428588
1361342360
1774882947
2919631719
3536826043
1554226815
399641974
1893989968
1054014066
2265720626
3290228162
1019858409
3049178325
3102413457
631228895
268466823
1139512639
663983468
3465919955
3350002441
3813613304
97436102
465737408
4087193429
3765558376
2822421924
1837851528
744081106
3129351048
826670189
2159171528
793773703
2223313045
4135857259
1498163561
704146356
1810852408
3847928093
1663469337
1653334933
3813149758
868177427
3012944902
2847303125
218232988
3355034017
1093462434
3752845255
2482212738
561527195
1595051150
457166211
2818514533
1625527143
4017650970
2344686770
2469800726
1722810904
4182465587
2554451315
812801064
2698508100
2870194478
2661923160
1078986213
545001407
1962053481
2232935240
3952481182
666513827
4053613130
1950118333
299643942
3142519063
168539850
3438904109
3841923072
164392467
788060910
288299900
1265757537
2348170136
1353965701
1957031217
1459168209
1934559677
3853794511
1693949780
616806009
3578947730
1904636629
166374970
2913193688
698772336
2049830012
3063308015
3303644405
3451188858
2056443627
1344145496
4083688652
968468740
1612584856
1081248249
319286152
3663394882
865518103
1894454817
2426100162
1773570413
302201843
2505703176
89669321
2312066028
3924711333
2789277348
398162669
4201266692
522175958
3494084082
4139510236
2826606538
1511304700
2751252483
67508696
2775955285
3991662724
1991560116
3912589058
2911958162
670038512
655866933
2386540238
794141612
777627021
2993733186
1095656938
3120071796
696953355
1102336788
1278997160
974742423
2543063640
1895378306
2740472293
316205658
1395863369
3032328724
2024414932
1680534333
3492628837
3609135148
2294766201
4058524162
1899083438
165178702
188458754
3157289429
2776050146
3871456515
3599385245
819559139
4195212983
1705190618
1349591515
1286482907
1177788266
2995760495
223768757
4066081324
3379922464
179531392
3318559360
868679591
4193300507
2114912305
2747013576
2038141262
1481536285
3869485642
1564692532
2025163688
1611543685
3115265680
3029101765
1607610609
2925788518
3517582936
872160411
3632404313
3559800873
4278270369
599639111
2612610808
698932548
3024754122
2592340236
4199392445
3861210296
2538232503
2771333582
1262362510
660464813
3093471483
2574642068
2825336878
282145446
3128519379
3466290932
3095389607
1830091611
231582258
2070093705
3117931801
1714124632
2356231840
255015872
1893253132
2431716466
4187209364
1864944833
2471127746
191915777
444072364
1413976539
1958372513
331446661
3090080122
1993612313
1050251935
3825991642
1471764331
4055957758
16113576
3085437945
2746921873
3641643905
3216858744
2700791449
2526773619
322799480
2359005830
4262622371
2473582722
3958011143
1792752730
511946617
1207994609
2726326985
689958014
1371530171
474723315
1937362322
2843545381
1230386205
2756935217
1927091826
4213158305
4066631163
3779960349
2681812909
929038274
2704519388
3177710940
437238036
1281261908
1810820545
24198564
3043559764
2758286119
2902272730
659948370
2398126995
638132161
3540326891
1699926109
1373924760
2933107135
2293902671
1181445737
210176525
1453558146
759406345
45793155
445664371
1634697743
3795935462
1213290267
123450367
1602074842
2690817981
3946370923
527432840
23621891
134501124
3712971408
2522898644
2916846898
1504155704
1303367356
1845073480
380170825
2034848795
2494703578
3703465719
2187458160
2686306509
469830410
776642524
2664771241
414927050
1766272608
2905376362
433032983
2072759697
3299811741
594082782
3578572754
742488942
1669450506
3306374624
3593956095
860836844
282597651
249302509
2875343682
1165816086
382538159
619372906
3281619182
3424529642
3308163577
3867661366
1952958061
1064268030
33689043
1531904940
3554847153
4118640209
3665007976
192491774
3972360460
1184427628
3789487328
1718679165
1551779982
3273148343
3065212881
2658181731
1692382793
445698194
1229968461
1266735053
1103377659
434736361
1944202500
1641005918
101241629
3848160030
3259945236
1434207916
749114776
3296004424
3963516681
1643005682
2113246700
1896337670
644254540
265636484
2299258926
3677559671
2792243301
3417452758
1533545257
1545610400
3171610734
3839233100
3304464470
1428279411
2385544040
105555491
3186756302
665188164
1594261884
108224851
328304172
1275992376
3571781151
888218285
3463173404
939617524
4145031976
2313981479
2603272488
3499184457
411220741
4233894450
3553403387
4117397674
3106964357
2455045758
939072973
1761504091
3871695117
1460755196
3712454585
2766396417
408215793
2909622684
3062967164
1782823797
2064084290
1925389383
3506904868
527192163
3291215843
3174464147
1621755542
4140505785
2891011041
1862314004
2860065214
811377591
2296711127
1196985157
2023013415
824776296
4146338464
3136648174
341860873
2255020495
3698764401
3869339606
3834713055
4076408781
703288534
3720732505
4141985230
4138207013
1481996563
3923414755
3326814779
289880225
389094992
1389153451
1658300089
1582398941
2522732506
600848869
1806274732
3864608288
2271094082
2681999914
4261653363
3960766153
2588950411
3959846895
1395217103
2721550168
1474686120
1165745403
522634719
1546776636
3223111133
3237644623
1706752151
4265387128
2025442538
2254210438
1735417158
1069285383
224650355
1526328651
99812749
196151857
4273153678
1647604440
2671028194
368639672
3225290405
527067084
809496851
48341357
516714882
2896213270
533765227
664663363
3234293338
3276757715
2213709414
1393135387
2405265567
2584036189
4291156847
3591284350
3348643064
1471733141
1366007589
756816316
210030230
1893215603
2999509370
4194608664
4278085275
1962455642
1923028303
1413981624
3283542066
1454360359
1909824036
1228951223
2303080545
328191972
919507474
1160935901
1432819270
818992470
1405839094
2130605427
1111043839
1509501548
2588934182
1596023792
1725720528
3776577380
3529132166
3773473974
2651888988
3234613910
904078984
771922236
579626392
2455735256
907283331
1973650645
1444868171
324948606
1704095844
4212346907
3279280811
3262283725
2444482164
3448908517
3436535851
1450915419
1475622208
1971484003
2873056794
2774860062
3936129963
2935761640
4069018316
231122525
1164455568
4282917984
4104585739
4189444126
2725510144
2136933956
442149615
3327998586
1131417252
3297886884
2854319461
3962115891
451795189
3830375810
576346876
809450962
1695325042
3842621133
801786022
1331246059
893638302
1647582918
96127727
2655418758
2668835117
2800338863
2391282072
296747229
1286264921
3721997169
3098728626
3145231689
1642350748
2217576228
1298339017
1324697299
2779136441
2577497855
652372472
1457522475
2429984091
3195188666
3886043226
40594927
3825044499
1639879208
868895468
2207314941
2395350122
1215172136
540994446
2958737144
1657927677
102991207
919200318
2222445530
621731624
1754516713
4207376763
1790508656
2950815558
521907417
3756276298
946301652
2168802500
2171693576
3324248565
1557788821
3723037431
1874385989
1620517094
1644114326
1241642568
2271047844
2929247305
1985461453
3631920882
3818085413
1052330997
3320682155
3421813990
2717118076
477390215
2752428366
10467543
3269699825
3340793812
341098548
1323191293
1874297077
273279513
3410990140
1460773790
2488546800
3785011649
925102324
2155023177
1599434896
135544587
1419024240
793151048
558204952
4179444615
734380236
1401456554
4293583603
1010377880
231496045
1006372452
2705974949
1867567242
1654200494
2678535326
757084050
257245102
2799370224
3964991000
1539974449
3956435667
752167378
2711980620
3739657243
2597578984
2612054412
1271138085
778129893
3543566196
4201433778
271698096
2987963624
1211477680
3547542632
3479445881
1172773841
1911050798
2921366094
1056806117
682224383
3571967029
3070026016
1014295541
2294409773
2577837584
1567011105
4212259592
1902315450
375063356
2164722304
208069157
385613511
4254853037
3637188262
1882789340
2790843184
2739923506
3452356627
2044461242
1980731590
1928132648
872750260
2482094594
3617072557
1199911024
3543798737
793408688
3872261086
2587542645
1424827303
934071281
1681928161
2034491296
3906943613
308511013
1161218376
2297533597
2029343958
1795283360
2831812498
3742785363
3790354451
4204293494
1131231403
1047299864
2975367745
1992808304
3335313488
2777693474
2382797295
2709934321
2017137705
2541292037
1526635032
3033163266
97153661
2093739589
532737606
3917742959
3074279853
525719257
3956626590
3221056438
3297835085
2431922481
1307051455
2680656841
921246830
886768044
881483425
1581331216
3025617004
2736075382
1100000172
184302334
372513317
2106723436
4064499127
3846121733
2389183120
3477403810
2207482315
2488827755
3452261592
1721015750
4059780871
2168376553
477235950
2237002454
3494132983
1401509766
958147253
296378639
314420048
1566897104
393567229
915609635
4119921508
4233310823
3076527770
1528986369
2955705752
2529762909
2198280436
3340896357
595948466
940909104
3761477633
3477714933
1011898194
442345106
3031204498
2766756054
2487269499
202758867
1287372201
1476435595
1541058375
2435182257
2805341059
1125160744
380562683
2447568966
3261356337
438934960
4029145426
3188479235
82222172
992647823
3197850207
4217792039
823260749
4274522764
687392818
359540001
607195299
909666355
2367717448
3430060262
4060826725
767780791
871874337
2866076629
3162681605
3344578553
3888355940
2657120956
610236490
490056668
335254237
3273662064
2233861579
3221523136
158748096
3378760427
130264028
2049049550
836278709
2076757994
36053938
1017401110
1903909450
1178813126
3346366000
4200330560
2887713121
2722070415
3281208512
537762043
3210173637
3552599338
1203024989
3671403235
47570396
237098898
104043004
454998360
2047012028
3438263622
3520093710
33927962
3819275430
2778292768
329816628
2637280927
3692431140
3588326480
3200045171
1742278529
3300259790
2056525469
625304447
3212663055
3280633824
2062363642
3116765540
2224239736
2216906866
3269270548
860483641
3723719098
344334856
1760047643
3625258749
3202056231
1234678208
3885826424
3276190075
873810770
2738121517
4079079578
202911331
1156048518
518521266
1702673742
3167791707
1187774584
2116619036
2356087502
1230269871
2405880377
3832956982
130600065
334536819
2045176735
424530405
557675537
992999599
3930738914
111669802
4003725532
2872167639
418720606
2518532986
3109189019
3127427458
4218133950
1415456607
4263694685
3376855382
1821422942
140298827
598629439
3430434727
862112106
160989465
3384409883
4225346295
4145529275
4183135659
3162132387
1637514699
2207072743
1075333396
1613837687
466769556
180692864
2791598727
81164192
448765208
2132574117
1158847924
1711620731
3475320056
2616592980
1065712699
594093793
901846927
4103522866
2470747308
3665885911
3083340171
3564887888
3265822261
3250771702
3191179529
2385294933
4177997145
2535767391
4013055264
1109153366
1900731741
2667000361
1644616240
935213766
1159076494
3129936712
3239675060
33963893
4221834799
2300719884
4036349283
3770519194
1636121096
1045652067
780203504
1439656436
1656618279
809498133
3241978783
283357761
2891790889
970202761
601196491
2522235183
3789912586
601326946
3655667413
3278698248
183707828
3970303892
2298616344
2730854681
3073621811
2015637668
3159603849
4162535950
1036412984
3703912990
3348332690
3823846541
613433198
1909398368
716568597
3829417022
268699139
314450258
3201332655
3004892807
1905850436
1723061800
3509575179
374874681
3015025665
222435238
1368638548
3713618373
1274774470
3447261755
4223796590
1451566185
4076767052
562362909
1249075990
1421993075
2603942087
2628014779
747993085
1581741287
822671906
1188137817
3744861645
1227699891
506638492
239432813
421624186
1517888238
3393993708
3494944453
1574280438
3881563386
2975488996
1797805583
2712164961
623713524
1355541308
2133559892
1359096728
305089347
1901522375
556425121
3274424550
3812364568
3689391689
2430411355
580013307
3115044933
2850085574
2492682635
2332250215
2760514167
223083019
3533336785
2260725418
1719932549
3658297634
2794622000
4283220970
3432213191
122226063
2716590397
2333652145
2066848568
1046035485
297258961
1490050536
2416681635
1182880966
3195162462
2417964410
1489485072
1862125928
1624766385
1917270107
644438812
1009109509
817373747
3859389249
2226691339
1458430563
378028630
490827807
3857312153
2295791066
1734260456
1639651649
1779780528
356189561
3095434076
2547433680
2898252077
3032510396
2430293958
3518107101
2442348473
1668998066
2764816743
2766666169
3778824091
2151507224
2532772088
1716602967
2179131967
2053957033
3520407706
3992524987
3899357000
3084664145
337915185
3991515498
195631597
2192208851
3238757022
3572049385
2164633748
1971467045
518298882
3540525421
2506383427
472622898
28538316
1508655333
4009719424
543771549
1268994704
2717422004
3260770308
1276580472
3779617862
3286988021
742971901
4236400734
3227741719
2439765347
3558175843
543286350
2072494385
2608946741
1843144054
308474245
1301876793
1387215266
1034947250
1490822734
3492100545
2344085461
3461778816
1698345380
3264299464
3517446727
946743203
2160315780
905521269
2697998258
2696521199
1015530392
2062692635
2467972860
1379107532
649698586
2523198113
3203578912
897622540
483867186
2266920881
3073046818
1800280306
445461619
3547429549
873530294
2886903861
1324305708
4227340925
2344818381
2243858217
1238483916
1760533115
1573167465
3291557761
1222022293
46318850
3182824921
3722588843
1731470687
1077010036
1761979955
687510458
3665216418
1080938179
1514124027
1413026073
2854635286
1505268988
3166283456
2000560263
1304423490
267312312
2388512183
813171603
2319175940
435813795
1894878016
2878779411
818348994
1469307608
1021573483
487546300
1131642572
3520780185
4248690024
1481029892
3402930852
126053979
1033412619
1934158141
1349570284
619251715
2893487475
310723716
1868214223
3843193814
2237094213
3274870239
1415704419
2891733529
2938984546
2697265319
3157063586
2143625672
467196455
1085131042
686188473
3840559914
1641954624
3424191958
23760827
354158736
47391921
1457455723
2975678035
3408882284
2689400670
910106965
3054593203
3229028352
1654552925
2935079458
675110735
3802318547
2998194191
2240540837
2273076096
2475333938
2410126807
3517750327
1685434688
357007030
1073155121
1526758501
3956043666
3294664862
2186200423
2507862751
2746465791
1592906463
1341156379
3273277776
2075355189
3159895198
156720182
1055666401
2034485939
3573607799
1284238558
2189200859
4126106831
3248513950
2740251054
2302550511
440745228
622297975
899356638
3977998003
2927969643
380926314
1225870832
3998061204
1131018445
3569802075
1322951784
1545208302
4121915386
2358873552
643757049
3433567683
910173990
2898734667
2577593653
3933565503
247573147
1502810774
3971793532
1385923011
2695491296
1933961895
3359156167
842354207
1407886183
2780415931
390723912
1321724271
1453040831
1880074958
4037070557
4162649002
1614637964
2413112188
1951478686
1310716429
1621363944
3486645114
2673486262
1127306734
3949049088
3933485164
1629092714
3490002170
1154770599
375986459
4144361951
1567379932
510501572
1857655794
1292849114
1706935476
2111553519
441517244
2531097137
2112809856
2800905792
64306199
3649879317
1307946182
2189533779
4006511311
4273387930
899146446
3091739178
919077739
2961171547
2824447363
783664027
2938009788
290922504
2217245387
2965299807
2676064027
2896979723
684237351
2880665526
3760864473
1880697572
2597626850
412576693
1521709516
279932666
11589845
644543468
1754222846
3774444644
883504457
712679411
851549581
4211428580
899533203
4197288656
3017985035
4207130800
2754598922
4255466929
2038478550
1809640318
1681997075
791141596
3799490839
1358437573
1715458637
2656655331
2975471834
472408933
1468687020
1048475353
1607503421
1559930610
635918240
4202083547
4278550569
2310480259
2875964708
4024804384
217322255
1986746383
3634551347
2062577598
101415247
627365410
1075017112
2827450104
3199667923
523736018
1733768671
94705261
4234118082
150238214
1594365724
1979085171
1052254791
131355062
4024159236
2325527925
4243477614
2558899522
148622062
388308540
3371630937
147754984
3823205949
2064989420
1746771237
465560455
1585383916
2490812252
2266461733
3658861529
3189632377
3743359441
583503044
1781702478
1470105907
1379257837
1228042447
490993150
2407340798
491732278
160158596
2584936136
3629572226
511554964
1544925955
1870605478
508703367
2350623693
947770786
3494757395
4203976014
246289648
3277394609
986747551
3300197719
1080920459
411471876
1050417218
3385496914
873305584
3867866678
3824333963
1669482841
3712713080
2851678475
4276673574
279263488
2267033314
237521869
330788990
3667168258
4053984121
1631034880
3008848187
2658173146
1053685694
1945544749
2048720928
2373415089
395617111
3792603096
395501609
2269955834
2349228135
2560978014
985532032
1383490995
2013087245
956753
889384501
2717904955
1805774969
1919148679
3356466897
638141939
121541950
1341178965
2107961743
4123191421
366567776
3225656985
4010761013
4239315707
3465924575
1351235053
2559246011
3178445588
1881973094
608354448
3632177128
2576522790
47915500
1962159149
3509068241
3359958747
902290785
745542464
3188924501
516658181
4253702882
1841941163
3939125544
2279237347
2076272165
2646535600
1695601114
3835241345
2975624514
653749630
1048892359
2666782991
22815905
316545912
2814041449
129849792
1878800072
2574532328
721418724
123670370
818081006
2837806933
1892158522
2372504283
530523412
616358454
1061663787
1687234490
3476413055
572440313
2128295932
1069744666
3389915007
3061908070
3677711966
1599384238
2680471865
3716217670
411832570
2581148376
4001260108
2586138483
287314964
3108413035
4227682526
2769323321
237065749
1519278556
3037462005
1880179980
1571672040
3809224124
470738448
2229830758
3883995368
189483656
112302306
1527775529
4086564318
3709328598
4120460351
1670905318
26443371
670443674
3405569367
3371219647
750793188
3109946442
667238997
1244086704
528300122
2056713349
3193458741
74762072
2741898853
1472994663
1106051661
3831180076
3621786476
3890092200
2760445830
3227216755
526208514
972660761
2754497250
1793569271
4199117276
1363968162
97624800
3588012215
2895296084
1331259398
3160538333
971598336
1240535589
859075594
606789501
1027826200
2079909191
516093799
3923182431
2298810822
3081844044
2838251748
2158495715
3356922760
2498604000
3493205210
1832080186
1256546500
670978510
4113981613
2018007890
99503393
727166654
75466142
2717786026
2677070771
795423350
4215943660
1440476329
2556083740
3823547454
757697296
166309841
3587997764
3481053302
3083573809
3822144184
1114511425
4110406764
459043751
674066242
3904639947
2022491983
283138174
901783702
3324159800
480776752
443550915
430633258
3558752723
3905335944
2086281774
3821671694
3914861150
1296301222
2465876740
2318614781
1399487493
370764466
15331220
3574225910
1585686043
831300267
3493164886
2940080881
1482318083
3417815167
2485093682
114844667
162938356
4289159456
213292785
1909588623
307009233
2505001315
3910949255
3915117859
2046800575
1271147473
267885621
3683022367
120799413
1475911700
2903214062
510360979
4143155342
2482759947
2832759499
985727822
3737038886
139165868
3279814373
2167503754
3515225816
837766916
2773219186
653680657
869331691
3078545982
55526387
543983508
1465292843
2097842882
3774564218
2907940389
4042856203
4148604799
3764764810
3005014131
4224237384
2441931192
3598094453
1852922754
1408167926
3894484268
1229346708
2109766828
2296218569
2552833945
148602617
2567782059
101552378
1693765727
3413551570
2826871298
110881606
2347444732
3278032286
3793358351
2948280506
576963140
756936221
339059053
875232247
2527062928
159600471
511376717
3372139106
3023097831
4032637693
2245242917
999588846
902491878
2786822968
4088579015
2364310334
3465551646
566244168
600847901
1702304542
3699887400
1468931240
1213529156
3683674915
3327954977
2525342090
4185688821
897001099
3296670987
1492023899
3306694682
190241644
894464035
1786236026
881124684
746725111
3631407318
3084636697
1695597655
1708748075
2569027788
3588487610
2212158059
839818599
4193125253
2325414740
802760
3730738194
4049892594
3396728375
1813213361
1347811030
1680721310
2733604048
1632715829
368334779
1839226200
1073055166
893757012
1517344391
2982799176
1834334418
497106672
8060828
376313475
4064750231
574153640
1865001727
4146097709
244271629
1323772858
3402085650
2580846469
4206486492
1537576952
342476175
75607430
739915945
4204220494
514613986
2630901595
1969804373
95579265
3380468514
439960103
178689797
670085095
1111315648
301092248
2783834003
1061653195
3300282517
1697545156
3362788793
4038876467
3505913523
2877623594
275818901
1997777214
2210699424
3210440024
4075552377
2107891310
2186685112
1044421573
1313119206
1466843209
3779812058
3092824189
317104377
3462953558
1541400439
2593225810
284615
3264464059
2047276530
4041514807
1266158293
1478306439
1397795417
2325087433
3417951328
2705219926
3260387341
686440706
4174724426
2145764366
3069638571
121452726
1176152258
1804567864
1038062344
3836549775
3091949689
943645414
1135937880
2272312823
1992501769
2638278334
1244578845
2421327515
981096568
2201103373
3458941091
730826942
3855573279
3909234512
1580785039
1416258319
1026295119
348091644
3414253544
569335907
1056733533
1732309053
2883017148
1330725091
3037698937
846307831
4294389865
235255648
3105263774
1877775876
3423632204
601737416
3499381482
1680820519
3138870883
2274644484
2360971485
123173228
93522403
510160750
26419843
3922173381
3223830670
1446040540
3624083426
3382253743
331921777
1415634703
2078827103
2998119020
183490026
3359191667
3324966834
2011344146
3812537845
3410420045
1062682006
956884701
2343175599
4183608289
2140180297
4044375647
4289958529
2954832427
2334046056
3731532522
4012224889
3073620121
207808716
3060846296
989013124
2483241262
739416313
4057871309
3286682596
288249449
3576877629
3523398634
2005878146
709959733
1883143830
3899312057
2645769717
3697801250
3083955170
3171601795
415367712
113904032
897210618
3293829706
198881890
1222935843
1848651545
4244191046
887567047
1479963101
2844766929
3791015604
1286175347
3694318290
3792464929
3084892254
2296593290
3281093133
3527641765
325427067
623484006
268734932
2505509046
1394958204
3102635744
2500967177
2970776086
2719502242
615334287
243838488
651219987
3049641320
1548284863
2111412590
1015644204
3267732119
2468427413
1238250394
4276924299
2865334992
1111064628
3222230053
3961882855
3237764324
3126911215
3926806541
1848722405
2965725994
2028119554
2348254232
1010735281
3018629563
2986490008
3252595369
2782151197
2496018752
1977186531
2987744848
854064288
3220970732
3576879898
3495441072
149353232
752165276
1793825470
248417143
3592942057
3857593439
3207600
2201753037
947584260
4242148254
2555388625
2116675882
2500917733
4274001272
2072139236
2377051580
905383447
715659434
41538902
2630745956
3498551491
3204774575
1763747011
2068597271
3079810834
2345323690
1639959220
941007290
3458277125
2579614132
2023433320
3782386758
1270495870
182696333
581740135
684458815
1425600989
685201932
1984344009
2403542508
