241860900
979809046
1286203411
629611117
1254862968
1647343696
2530766454
606216855
48886197
2043191592
1426554494
127629143
3437910837
3223473301
1627734253
117258199
1051077007
3200443176
1689381636
4153334768
927301891
238559828
4104666918
4149855572
3220761814
3671231109
1428023412
3919971286
1161116430
529874048
2389141555
4245974113
346085366
1665501981
542472845
4266382907
984899306
3256804848
4174240873
3992845979
653659645
2365297477
1046132262
4200657817
4157590944
2833203742
2163400856
2336144587
115273582
2879929190
1020766969
2971713188
906767592
666924753
4087190707
1302501990
1042611303
603733386
1970907597
3137425293
1933746366
547108395
495484695
466687959
857607190
373822256
57498084
3880548713
2479443565
483367174
2955812045
156368884
1357819720
146742969
2259899369
2258272306
1197647055
2975013578
1052768289
936523942
3943263940
2619460184
639804624
3450740280
4070620244
2878608663
841133832
1280686521
4101109776
2516732469
824451059
3976800232
1846548350
4120019280
1217014309
2705564777
3741787709
2915549400
566161674
1112560544
3198441091
2188780795
4045001759
348068861
774331828
1404122212
3123760706
3665740059
873485847
585593359
12201981
3167188327
1312990606
750466725
3316643508
2326472965
2528991466
3624142203
1136281242
3688940468
1206903579
1900767865
672213550
3109272813
2364323677
3999884594
3209431993
406166450
3986439218
2265823490
1530834814
3802926004
3924703983
507739397
739914306
2108342582
252877185
3484522179
2682476848
1378287154
3057872359
525637381
1201833311
2546614915
2627646488
2428862656
3953808265
2653082795
3198964916
4015024701
4284412317
1984587393
1841272517
1088438848
2475547977
3935102140
3076859736
1733403045
4223771583
1486396898
3261424104
2904614075
3831078457
3372206826
119759700
2450709258
4152219627
2819828028
1747039346
718299763
1172049518
2300580138
1495128861
907385648
1787619531
2735112140
1837295852
3915623812
2159347950
83610534
2065526090
2939944748
3005178602
2565469042
920728776
2956276437
3806020513
2360734000
3296452689
1303762068
1559697807
4099819564
2863773989
3760061049
2638847064
4129553043
2432789014
2585062902
1228854214
3791673961
3605848337
1928829448
592976258
59817298
1728147907
803203567
811347359
2887352906
1046240417
2992162785
471208217
822871506
3541785703
1804866685
729755691
1851354081
3831276808
2648784905
2594141552
2360320021
602877235
1118835116
2108172801
3099999727
3127971686
1624065020
1257427591
3064915529
1914737063
3867742246
560879661
2058360782
1876625869
986374450
3061475689
2979503871
3602902042
3719898021
1848243895
724652385
495971879
668346128
3865372399
317074056
4055979526
4132674515
1153735568
339730602
1233264226
3534214224
2041184414
4291869998
950169365
1485707135
2597657428
854553375
687912700
3840108517
3656231825
1921519449
962859282
2665701424
1770173592
832517710
541810835
819074094
1150366230
2570917583
1769482411
3168995991
1578080531
69086585
3587035073
514147383
2599050778
1065233546
837700511
1071039257
2503714925
1390571953
791271756
1641103685
1260298952
3709842191
1782188225
3019559592
1441104086
3958262751
4153114539
772588058
3357169422
2227516017
1195283767
3314958223
3870394571
1525307414
4289382258
4185157880
1983017656
4121794120
2482234262
1345735310
654174954
587386641
636415961
4283887169
3103405364
2283827128
2954672220
1400188720
3324469655
2594604024
1656322929
4271541978
3300397255
1842073916
1795852206
825872539
3179651879
3309014273
3224136115
375143898
3485706938
4283033664
3741001088
24869427
4010561259
3383649563
490108144
2647899674
1624447818
3894347863
217550662
475339965
3621719121
2894396885
942662198
695562931
2820510633
327234952
152195577
74110286
2361350430
1338033351
4001577488
1755138737
1553487278
1922713664
2555785054
1607308198
4209094898
3656600567
2365335509
516571653
2527399998
4174926331
1244965511
294614192
3589947086
2517198724
1321620128
734386039
291109389
2534015634
2513474739
3709216354
3160428989
3138010433
3044479099
4176672080
851248702
2240745800
3410121871
2423964581
2688161447
14685817
1865946416
2820208702
2809166154
3785988300
1743311960
2252550374
2376632495
2230959095
514755369
2413229519
878072627
2083359322
2096786076
119239406
2421500733
3237788918
2986678289
3806375647
519899976
3428834403
16246390
4091087784
376956513
1622708169
527406274
2022383191
3557678610
2078817759
1970309156
3733668038
3429030712
2152126257
172030543
779323926
3058377013
2943501253
3044853455
3721202793
3686770631
2980541452
1012791050
2159922788
3851520894
1746646355
2109604298
2516938363
3077044897
106345648
1318458520
919272000
3943285724
514167044
3313468655
180079576
2687088180
2063112713
2185291825
1967702970
722153274
2127549686
2352345047
690538216
4009978141
701287062
1293951863
3983749669
964893190
1686010546
4285101519
3230542037
651266769
667719892
1807914143
1060792999
3913985961
1414480134
574283095
243892231
1295283323
816746598
3102860808
3803086168
1518247738
3367916176
2567730011
1236778568
2844463991
2671735193
1385619308
2118613954
3031893398
2531246520
642567373
1236784170
1820598241
3756455566
143263968
2168522734
2305521393
2654901147
4178546230
1737339583
921110484
4154896911
3452543827
1547505041
3702295658
1958751520
1626852330
3516045846
915338282
3194288397
576736734
721471839
1235494081
3078588287
3782700745
3301033993
21432673
1358930878
1245728449
193578152
1275808805
190555845
3727192612
892224614
2253571544
1541676872
1943817889
3769900195
4056294905
3749998433
3642131860
1502391478
2073805727
1399522645
2120600565
3338473900
2962938826
678206817
363863475
3585625785
4129665980
621377712
1781698969
498935378
3909583313
2872521054
1334256658
850514421
1331174983
1174174307
2137306597
2755150267
2273420260
2761811518
267588762
1824639948
1022024795
1224297611
1749684138
4104680961
1795487816
3142775017
940832749
3656800981
897601802
3746835573
3204165605
4138082939
2202989237
1138476395
610273112
1393638514
3054932513
333312619
4165057482
225632750
4056612137
4049922871
1153302347
1729168633
2199877948
928345477
2969631555
3019950979
4019395598
4169290997
2984583338
102119747
1187314102
797096794
976593946
2608278813
4017567184
139380777
3905342767
1349395675
2319716648
1350052327
3526374432
2479035825
824834141
2239396553
3354457420
2976169460
1728103292
2823270965
1424017903
3569141383
3178252215
1457448033
2371170951
3077195138
2968336951
3918373724
709591839
2150480682
2007236064
152426041
2550658365
822019594
79777848
1261672913
2984395960
1548926069
3749971851
2206302581
3577744797
1987224501
172389920
4008681014
1438632608
3696576864
216734896
2460781731
177954666
3811326926
3566463411
2066963823
974762093
2637975895
871125550
893782013
78080924
2092557706
1396651014
3222780561
2166949907
1275945251
351427165
970095752
4096388440
3738983439
2844363777
1499798118
1342269513
2670073782
188695287
3697348425
944398815
65702155
1083911746
2716785016
3937769138
3034533131
3978027427
2470378354
3360320893
1489806383
879406023
2045115393
2655898488
1636261184
4093447564
677292235
420681028
1699739729
2503922544
3103593001
1359504850
3895409017
1028601712
986450616
3610585367
3917885309
1899515129
4233180327
3131639541
1663545221
2336829886
1898176670
3456725990
1870350058
3755331347
697312093
519349188
2552432267
416428588
705378769
4282898465
1849465367
2833428067
2751342616
2859126469
1129544738
2729484366
2444471279
1098161889
3249911986
822512815
2569496441
1089183694
1944924664
2130003254
117799559
503862466
1204209120
3588395758
1146232954
2601995081
63133979
3667990364
1405493624
337484918
6953919
3414957463
484056256
1681180080
2110243577
2981085668
1393765586
2072078087
1203392038
1735262420
2238284866
1303581389
3875500066
1520068327
1293315326
1626430960
1681527397
234854090
3403564180
1840799683
1731400974
4015863173
316144056
2883854921
1688831585
468850950
622927857
995697398
1687448007
1330774183
1553599545
2511815793
1055031376
2369307493
1498230340
2376372976
2979612464
1480728257
3308268226
2293974784
2379408034
1547337371
633852126
2731917495
2842508539
1085501835
3384426369
2251575981
1484157553
788350586
2932588514
329961690
3839291765
2758339328
237931773
1923533846
1318062411
4268253156
2211007478
1526179935
456036231
3601582027
3215894440
1981688516
504406678
1379108169
3963499504
3926871386
831986814
1379584822
3672305324
3332475783
924035079
2913432308
1667610828
3269654651
278540247
4126966060
1742281004
393466463
3368982854
1715206658
2324371518
642317023
2286076348
1102420247
2208544492
3553283126
2652567670
1292350472
3205250532
101522662
1839418858
189985631
1431492775
1399904518
201944123
2514186435
1326524757
2370481532
618883945
2015115259
3280980169
3020495867
2099602696
2661880784
797315049
810034899
53860211
3299323914
524042879
444222090
1768557601
70624902
1862632343
488215457
3324230273
3757046976
2198064815
1967759114
4054645991
3207451267
2704914855
4137561281
3523210644
4121199919
1529408203
4254512193
3985800138
2369376820
1436851446
2997768112
3301460877
2027433594
2333578323
4205405075
661939044
2781152386
3579172383
164679305
908143924
1535236444
2304147034
1483481219
1358953942
1171810229
4242782704
2980326122
866279676
3078797829
1581912220
1148360446
3070726738
290979793
2517651467
2258929816
1457412390
669330754
626393551
1821553150
2248997477
1398611289
3131126158
380273257
3654695466
2392603829
318898276
2668602652
2306586027
884500737
1473681746
822825570
3506479335
3377571265
84829503
1699023326
2596131180
2970979586
327967933
2340518348
3893210880
2094888476
1282918561
385795337
421025049
2844891963
480948208
1696662745
2067043171
1399353952
3031421959
673231642
1892740112
1316762047
1177965945
4174606854
2006262810
2276617279
3148009571
1658106377
867538596
2935638569
302907129
3343230424
4278916887
2212098613
3963171583
424738825
1385482777
2973894408
3685678202
3443150420
781449678
450513775
1199519006
1322516803
3544914531
2151972936
1800606168
692580434
704315963
1459001730
2273387024
2478147534
2902101536
2832410645
1529009256
3393987836
1664842431
4260130389
1222206767
1969095785
1114198170
57396077
799577634
2639953184
807034301
3112140768
3892509022
199451910
3064225538
2876816002
633408608
3231236962
351538349
2269042853
1839140380
2677176857
2731234420
194283600
2344771294
313200342
3972083132
3533877049
2655200260
4045110329
1893281631
4215973630
370130881
1101319999
644701415
4052600000
2929262241
3348033750
2190719277
1086131706
1977172425
3227953485
2345246570
2834576680
3921376064
1538717479
1705095018
3685860614
137513945
3682199776
3637159164
3768371921
121986093
736456208
2478594660
1467693611
1917421797
396772620
2319277141
1825060766
147415226
2867533804
3517509657
3603166450
2489763145
1221757840
1708973299
3736492750
3362472748
3101807735
3793364323
8577876
793414402
1914952791
2859630282
897024466
1053498473
1474379387
3199484437
699389845
3405153279
4081984882
4241226285
3778963826
1725806763
2959031855
3130353739
1759500823
694917535
924033223
3356888823
2073339512
111075111
429214593
2968277326
1531955475
779316106
2219189787
2280908161
251412988
3057737803
1027575724
2510254219
344660945
3782633227
1338296821
3228535794
3358520070
2893006171
311757334
2413306433
1600440091
1977900394
3193372171
999912672
3132560401
1274172736
609180519
2491387089
4187612123
2349341389
437109110
239178398
2120371303
4256536787
3519709675
457746754
445538416
732229085
4088135289
2510286760
989841035
2146610698
1360404523
3269770459
4235666928
2918422227
332153855
1975886641
558646982
3388255107
1251017699
1993894648
3922282286
2380906076
75331403
2787548222
1430330578
1261251300
15197375
3963998959
2342935169
2570406069
1840044737
2565591084
3099223614
2084493490
3166608620
1555548764
890551156
2463919744
2061714359
1853317063
3207586602
1466331260
2591763819
2607931111
2434022810
12105488
3769520513
3714196651
1466746486
4138095546
964087581
4079403619
67525390
1435624891
668227321
4218532475
3480722114
1018707296
1002243356
3030363585
2185278822
285762206
1875733667
2883878331
2970659975
3224871894
3387816512
2739242739
1271899414
3197720981
711723290
3685929631
2674890214
3359236130
1552507659
1001780561
1920379534
4009261280
2701743237
3476351959
4226140355
1514311473
3143474017
45236371
2666672643
348464403
2830516312
4027695331
2304977597
3843721402
1504139617
3858734844
3472885297
3698459936
2367628641
207166087
2964929378
3177189986
1284342154
276613800
1281384550
4045981559
2336648092
4013619693
4165631870
266539757
3461776538
1295602576
1033558629
617576145
142020424
3203503375
3459856721
3746962526
4191462611
2172293661
3708634244
225087561
1963005058
2612597576
3441839262
1336080268
537114699
3836147345
3195856042
1223096745
1018572338
3667241085
631149111
2656114323
2036263685
71614452
3093454061
2707732014
2794023242
3252983401
2473487354
2537056305
4086645882
538669103
471495573
2051332710
1494069091
2617919960
4127721632
2725206665
642686059
3110449561
1705579256
2601007895
517495124
1675092381
2037923712
2827860549
2665898408
2501613550
63805469
483006576
762687819
1605964974
3941311398
2087756688
3507907251
2652918891
3648583049
1497738881
4153171008
4104785004
2396599512
1919164835
2443943165
1163477496
1329971753
2402093229
3239499033
2869479683
1418133627
3735091793
3077495696
1433893507
3651822462
1852988273
1812865416
3048721055
4129099144
3735089647
1423140256
4097266418
1035224928
93192615
706704229
2870923469
2397325667
2271797642
1028253682
1084434577
872559562
421522383
2382032667
2183364081
624389413
3827745450
3911479969
550991054
893074947
2268409674
2790165705
1133027853
617032518
3847390710
2853472724
3514803753
293139039
2897270352
1639281037
3639461762
2742263576
2385473835
1933963152
3683688255
2376817827
976990799
698596415
1966810250
3636095887
2953585270
763494182
1451738568
4219732692
1844782949
2224247693
543952720
1620762071
2236569901
1171362869
2249641002
548696258
1277003398
3521000115
944050435
279278189
1825694986
1676100899
2759489329
4113226856
366967372
2787757637
1119594167
1151841327
2387794488
2612224734
1522821598
698678972
272082788
580698091
27526384
1589193502
4137042712
3655976074
1148712371
3241220969
2378956546
3784099354
3642502643
496137273
3388937936
2285381660
990639208
4195995485
4199801511
2791450006
1995324631
963393192
2191456757
3136584156
1849317328
799260873
3001834412
13673747
1235036710
256425935
2247118346
806281024
4085526000
2042064870
2881808786
845114879
1159354777
2800412978
1654438929
892020605
2902325551
1855495084
3188247727
1294338954
1613708359
650523917
20446941
26499955
3338610102
1301104211
1479015472
4060091012
1862523050
2724332425
2437917978
3293053877
512130055
1445257386
3247151448
297693490
2037717962
3223747692
1362265390
3426605699
1884729395
2183804001
2159516580
913901901
2242440584
4275275766
857570161
1483534837
1576335251
2319324372
2514801096
2862977086
2713185239
575093982
1892167904
713427324
1052030519
1628765650
2573247471
1436194135
4210622340
904005243
675264882
2610268767
430544151
1211757939
1785163667
2751128377
345929020
2779042672
1579346589
1961929403
81084965
1697450085
1554568128
2782034493
3899346575
2994631650
994595205
920284893
60677688
1168349217
257687138
1072474568
189349203
3792989424
3765493983
1734847537
1875518078
1903731771
511740109
2864516110
3707547360
1832641920
2959888927
537443588
4073667394
3797812932
4094223981
697831630
2929215946
1604987875
3589860512
1330603995
2003352249
1070505361
2178966345
3361461160
1022487242
2330437226
1708621929
1926244361
1420894005
4178218540
3252403507
2576085061
1811318078
1244095662
1855158882
4041906547
1591900987
1576581872
1160116461
3598504196
224610890
4220734402
1743332733
549402480
594524604
4255786709
1818914133
2876011930
3394812909
2293975361
626848000
993251362
77200144
787331472
1277958305
1284314315
4101242831
2087830870
2283627689
854809090
3269960843
4035514134
2968766237
4235911652
1396848808
3144438813
3306931794
2616276421
3917485955
6258867
1111515296
3675154480
3493481623
3909075260
47825921
1791343661
3498911322
2816378383
461485712
2564051685
3404159736
1226772768
4076831216
3460465114
1593405156
3808896498
2261622955
3814314654
2006006254
3995183223
1744302948
1497203882
2614497150
2845245887
2798513194
963551546
1379869094
2262190138
405354872
1832555811
800110139
533471072
1022924222
215990735
376201897
3613835399
305647369
1988863723
335855388
4176480817
508621015
1447583691
3818028710
944495589
1691046890
2489020011
1437601832
3904239477
3995702780
175712658
1250413212
2811922302
1965104234
2951310653
4103487545
625001388
1060459129
1187386538
887772339
3544956875
2375805412
991923819
1334576338
1289089820
3975035297
2331162685
973226445
4214278734
3193393027
602008530
3214786116
1393578383
1099134454
3014932610
1302031385
964994746
196142804
338577411
3106552396
3929434911
1937047333
243103379
2942986759
3761819458
1179369093
2520276164
1391221844
954710350
2706778816
1043228698
2690799982
1518655160
3603401605
3728099691
3449066122
1275451910
953227349
3014562468
2948964864
4122162079
736062533
1686059905
157576286
540907950
1652213083
1530548127
3660046962
3694739518
2068558620
4028719186
549472950
1000422421
2494158092
2705058797
416329052
2116983900
2180379010
2031618341
2363281225
3794070492
3048155162
1011390235
3315766913
3623274491
1408291094
1535917973
777385312
3516002125
2867597396
952384582
3856414463
2183410810
857753554
3000985149
2364296528
456066263
1693992223
407279278
3517488486
3692585566
2205610676
3769617099
3512263413
85690427
2184995495
2813231129
4200458302
3535206435
659066778
2585725134
258396123
3545020140
769076366
2551545749
3207476757
3129971664
231798034
653621634
3982250619
1725664414
3574871788
423042360
2871664360
2639128446
3428633156
1511660010
1183425989
2534882051
2893809749
4237551531
778052650
3512081687
4006607274
4100020683
3063830366
227844240
715002541
4108132320
3555160596
2439348296
1809884566
3890693213
2115355575
476158669
2638094013
2864269693
1072041929
2509235960
950974847
4236628172
3966450666
644608050
384900687
2419856578
664995088
3107302655
1803695550
2470873922
1999130437
3406704862
431938745
3639387826
577435711
3041820263
1194216765
3041458840
3139686801
2674804891
777216693
2890997250
1853655998
2031546841
3104507264
2429639049
713702214
4186636255
2303659918
2923014311
29622861
3728107899
1707086921
783842272
364023511
1218932289
1945686747
2443125318
923498535
3737282846
882465524
3301956434
2212395493
4151256318
2346753642
2549961826
2320279058
4111737838
978232057
3081125948
1181064856
2613480865
1409284832
540799268
71297507
1733331717
3972871314
3284681517
4226392514
3428987950
2848249362
623243089
2404150287
2110837322
541698819
2940088924
698569884
3944732306
2270664025
2944743518
1527537393
3827777188
2513500696
497860552
1872214336
4020286204
2114596866
329655620
1878186927
3984403466
1570445858
3578782671
2559347741
2155727777
2134584921
499892210
1705834215
3800207942
3196236791
546048136
1972969896
2661051229
3946148976
1935299376
777149530
2193264045
3843034770
2537699857
2263870490
1119361915
4166071339
781112346
2038441199
1276134275
4206126392
611003596
2227856582
988577395
1901494224
1651971494
3090925498
4075795687
2925921713
1492986342
2906021022
2510476136
1410694830
689754072
802299776
1966451632
1213453954
1060055031
734991772
2987044572
2445453659
1608415490
1142167824
3493748136
1464356847
3015661125
3708431048
4070917660
338156521
3183506931
1257969496
228650058
375537847
2850874808
27852778
3683514339
1150058112
1210449487
932644573
1024359664
2433749459
346047879
3703602825
1705713238
135405447
706956259
1861057367
1960674769
444658687
1425003770
964979967
2311159148
3615612987
2559405801
1005435073
1786826338
4039091054
2921375868
668261197
543134428
2505692331
4018214069
1380664885
1682999796
3735557926
180120598
3898265479
2701876857
610352003
2457338838
1503466245
1652823709
2982391821
1684353474
1102500297
439668126
915527914
1657597872
60053429
2078651172
2029648937
3650549738
150905147
1901557346
3412448348
2330899593
512551186
611428685
2865884782
3730641215
1902027874
3996723651
286830600
532596239
206586520
2684586696
2752396143
2873252775
2511784613
2941338691
1809555361
3172354526
2467598391
2351095834
2200691761
1777702770
1355612382
2208411963
3979709690
2216368968
237112454
4017258574
4168412267
1479168277
301071149
3037750493
2971114769
3504900573
1866542311
589194540
1950086973
452973547
159382313
1319550868
3526811842
3813004739
3541270197
82321587
2491809359
3940496242
249606736
3229517133
1555499434
3645249467
2513902032
516324568
1178350566
4096075762
2667086964
3491816062
1444343853
323956867
3224237417
373595695
3671264390
1075663800
4218677585
1689597179
1620887485
989074780
1915768370
2356858460
859578751
2004520156
3422094114
1912368635
3688320029
2202840420
2059784321
4254275094
3915905280
3488718286
1363260972
1002613530
1697624150
1601121811
918326573
2573849622
674803539
3640878868
725923927
975091069
4099168071
1929645887
2266401324
3537450953
272740042
3579984722
119742153
1526613845
3185141754
3677685141
2943255274
2388899264
2052404389
3909995550
2952470213
3670772946
1746288235
4182148163
2950858729
3554355944
3134162391
2966510663
335757864
1298268587
457340827
2566981571
1239645563
908065103
1503955590
3692911888
2057826148
2821651987
3688047395
2499098166
1347246892
917593494
1259958172
2248448606
1315405415
2386489996
1614905884
2496727992
1611418507
725898333
3125277873
3432659835
474986661
3763750670
1048925056
1299283980
708038136
3056411814
921819250
3241362228
827106928
3586510261
2548108780
2320121714
957797738
1926465681
3382275059
1513604980
3912795417
2081221497
1310430542
3449929199
2148951565
2653437334
2105548834
1957456104
3701201516
757588115
2433300573
98293661
4193707375
3279201852
2977467873
3690794539
14788744
1321453105
181805563
3440723084
948630304
1482377172
3345818157
2129999293
3284888372
3604952587
2842073667
1764637259
3474796788
1810762233
3742267761
375301664
672582029
811796345
1490996616
502355946
2549476390
1480537486
1380863739
45181617
766733610
3739735697
303685651
1071203678
1787198457
3181721236
3374650830
1881768257
2417521724
2488006539
2982687449
1306611387
343383094
2451397876
2740700628
2114841704
1597818520
4285103613
1778869154
1936455274
1666066802
157164774
3720164035
3944614180
3703364381
2035425275
3918573947
3838908569
455360201
2349754830
3578013757
3856322389
2403342939
3406682675
1521835403
758334844
1103214128
3778757225
3753670442
2133382313
2843179993
3183314656
3199477688
1864663836
2591279476
2950742056
1361204087
5788234
809663042
2907337127
1931930378
1821507280
1545314619
3018528551
1207603897
3995669504
3449035045
2525495304
907241083
217709206
2711876019
3298540611
2137838555
3571931650
3785129280
865606312
3244587310
3399458015
1121547285
1124916153
515778212
3798198146
2957222818
2045683085
3915975210
2080339212
116603326
3126004695
282736918
4078576306
2749229075
1298709489
944635247
1945668235
2129059820
259132203
1667778374
3453473202
2538493491
3888489361
1825496244
67438747
1643197548
3213774473
1287162522
119061738
824552625
4087025077
1571328240
375579060
2128236562
885560973
3771280996
887163940
3179390407
1037057334
205866645
2032004805
3198627169
2265420600
3025585992
1199993110
3450050349
1356469429
507957230
3146178585
3695634046
3760215252
753798892
3405316269
4112717648
3736844094
2683845546
1321662417
3075545510
3728031005
1997759078
798498846
2089196402
1626517732
3128346153
2502031414
3957718775
3845984223
1546098588
1999814526
1678448218
4158855732
4173194941
4285311495
3756435263
2287165816
3097439577
3689391967
2086512498
1398697712
1114773351
3631268166
1218154960
1787214320
4143520462
3714601326
2759219350
2581334504
3224974590
3242416421
1904641673
1440259960
3996621897
2787878207
296735937
129975063
2418001712
2846404905
473833876
2241907018
2315281384
3758975816
1639563996
1784820011
2027405177
1712171905
646210193
2058691322
557464870
723691011
1149620655
4180525108
833799705
605399186
2404939480
3243835959
995921733
4230678047
1781599101
3750521537
2499858498
2189110596
578480733
1598170460
2042347621
4257063899
1462930398
1919021251
2162017570
2767914171
4164922233
3625614189
211010038
3180675759
3947238862
611746230
4210830866
3578309567
643537872
3100478224
58773581
3217798257
1736975615
1274878845
316270206
1739275075
728673054
358613688
1880205787
1352690317
364659120
3349952205
877813337
4081839563
3203198348
2785095455
2733175763
3361197428
155688755
2293230639
2159833852
3982684942
109487272
567421357
688009992
2397615767
1315047135
1665132164
833994948
432879926
1137521698
1884488840
3157160019
3281821212
2971848593
489851447
3408733193
4023661555
292742006
2516407030
2427303268
2680662568
3732820147
967039741
1932076559
399725498
2315459519
597115
1203512139
633936373
2542509608
2538889298
859006882
3128144716
245389963
902124972
3470223072
3976074899
136191872
1502109502
3956472789
1299260040
716812783
1438906372
1500740887
2198895511
3031493474
2955061401
1289960953
439527817
3367926305
256854917
714393334
1553169741
2025674383
28973106
501307115
4104189146
1402856147
950824948
346285241
2257752182
3072888884
3378336215
1538478352
489018663
585616427
162071976
1231817408
4014878201
2084689346
2217805697
3055260608
4091510323
2027761056
1059450921
3556370027
1327605846
3593505693
2126885161
1069344407
2814602931
1475843657
1347768993
2887655474
3851447115
710066441
1784331852
3966770628
2450107058
1668761643
236843702
3993416643
3384002158
367964370
2349845879
3026897312
1211164189
3124289847
578391535
3997176306
124568489
1898367712
632930867
151071317
3831276918
3745671521
519780817
959706715
3491273001
3341785551
4201425809
4183283096
3848521594
3195345247
3794029524
461739961
799765525
1120205198
973502144
2260723049
2836908435
985835427
1006808727
4228791304
1267825004
392365868
2291595340
367137172
252976716
2149734910
919075345
511250764
3699547143
4115951813
3888156985
1139381575
2549672149
3749500461
173612495
2515270897
1330487339
1555759341
2081679206
2797572659
3628642109
3912099894
3544639037
3460649246
384624648
2809458655
3026246936
2432331659
2918883718
2599019389
3972625557
1810842799
2622530108
2401634631
3734780475
1759356008
2440423458
2966166482
3774514178
1686744054
1181245341
284172928
58514175
809718375
48649085
1623724859
1046836467
225825974
1253357595
1581433161
598639534
672018989
4286643642
2092068603
1633643970
4119819591
1321075709
482142443
2121461497
754766016
796553205
3786675519
1610221299
1921318702
2522098839
3902032445
2558046417
958268446
2528928140
951270688
3155487783
2510784577
1106401681
661014011
2829210589
2710789871
2542826835
4270011557
1324210141
2639960252
3809636169
1916728382
1102899081
2446273824
3628574045
1274674964
419246618
11901392
2984847788
3522322099
2046091269
2355662854
2797415606
3165264929
685001038
1076331627
2512249020
1323231011
2885175036
3693150180
3909489811
943908125
183873235
1383378629
3663648225
3696134883
550872934
1924780141
3609703360
3351716794
2019914562
982164193
344751955
4067594693
3238060722
2292943842
2027883445
1473258483
718718382
931753735
893012831
3205571347
1506281875
2216369878
3933324488
2858449856
2056209688
3357520363
678106065
3981311050
1167292426
2879017492
298526890
119723250
1856670969
1636876608
3867951589
128462732
4123240376
2286048477
2440070122
2339020432
2574612197
2399337995
3725521677
367397734
3463664538
1917325937
810687436
2514847689
1867206603
2884655281
2390722175
2392338994
2823468668
3144830894
1172419264
606735398
3355374976
3393069284
1351088994
2190830351
1334526909
838894847
2243504408
4266615164
3490021722
154217864
2082251606
1701855203
1897407860
304526229
4074712728
3523800688
49449566
3383523114
2564749920
682796473
2779360240
2193053343
94786281
449815118
3734521798
1006064281
4192095134
714770722
517736245
1105009617
1552055228
1433942795
28617223
2284136640
451853785
417282038
2221400382
3109227095
3796537139
2837437214
2070706335
3195095878
1643806305
1624437577
1372796020
1061561574
2161174923
2847229357
3830197858
747522596
856247365
2459682753
3744990175
685032469
764821484
3262807707
3838719982
3484548256
3859966036
23002382
281350969
3483370742
1868581981
1074496917
579753730
2048530668
2223055019
981251875
2901522749
529649621
1040910625
3779461482
1753625102
1285274131
2546038381
2629678642
410728161
361151884
2781824999
1413767327
1694238442
215393343
2035584203
3138171127
3745006986
3974606397
3233156839
2855687318
2950256700
219604553
1591535835
3156771375
2172180415
2522227586
2018784095
614801736
3660679490
243407960
3162039283
622570047
1495777753
1732742393
2976595652
540318169
2243204331
3473422063
3201879258
4257655796
1026661767
3639997937
2690432646
2496343698
1392410620
1572459748
3871903768
3241748217
2288780026
2078665810
429765650
2026148227
1912469074
1877370822
569007408
40979788
1862358129
3610565566
501389728
2737985872
3601553492
4129618071
198764422
537367007
2135238671
251135661
135067586
1776568039
3647865501
2497388580
1913421919
432757006
1192271011
1714183353
510231281
529112952
2990149043
4020058241
1397310418
2842502725
2026150017
444739452
2020204738
1793227149
2972193851
515475859
686501394
1207395734
502841289
1626050959
3570795847
664085308
2879587042
3541293242
1522589531
667843250
2590808536
2103935033
1408877437
1352839300
1160571332
2690707855
2685735777
2187207653
387810025
1488434374
2664888097
4012583787
1261811726
705004188
953647716
2833800646
149430859
1290958649
1979310079
3849258973
1471355176
3977283019
3568336187
3429435699
2913868031
976462244
3886197182
2956054924
4093400511
1626087708
2726797451
1417220656
2392052159
3449969881
496211223
3418702372
2526986962
3697684011
992844289
2171232825
515451328
3623398901
2824246907
3671376968
1527333333
2252883195
963873571
1022584484
3994358858
605119445
3854019817
878210319
3875437758
665849587
2801373908
3648306860
3706947251
86944035
938244162
4182599425
409596495
3889674230
2094345266
3554944334
4066746948
3233973263
2220850122
968645982
1929713372
2123475483
2965845659
291209228
3721003932
1649417148
2516799695
3426003831
2152546398
1395486488
488668698
243416167
4136629489
1453764488
598118834
2996618300
4213804530
2624904205
4275805614
3235422896
1173325270
1752518682
3400583371
2415595139
1935133516
3567319271
133308306
1481080289
4201627174
1765628745
3167778759
1812933509
247217501
2021409517
4283130823
1592599536
3201179736
3729476926
2240003945
2841398992
3344133448
2128463963
2638044435
329800622
2717065321
1320119885
3227567346
1006998216
2529989415
3678867060
4158698020
3088677314
2045543896
1484037708
1419592879
2848495249
4172630919
346865986
1553962558
1333759617
996954315
1841729521
1713249909
2655851746
2808333728
797570187
779281951
3415058836
4234390572
2224379292
633810052
3160614817
2042194246
3473325583
77916775
2704613436
630536613
3297408062
1794511794
3489079244
3673531161
2132207466
450748330
2048926167
2362839654
2054928324
2306048659
1617319337
2458338208
41656533
4185288178
3811227148
3571903397
3523567992
1773825532
3115287051
771887495
1788341088
580890332
52690781
4205339489
2698069908
3789414441
3109829139
2570331452
508216250
3900876721
982341291
312212101
3683577570
2422068525
2176225641
863594392
2849553365
1696918936
2441609642
1320768716
2743092737
2620144058
3976202486
1277318046
2515871057
1547125565
4106513074
1951774371
679078637
3117505014
924587220
339766317
2824949109
2497042036
86694534
49503429
3366699288
3055387556
2399804633
3831273790
1920714047
613825754
3061234410
3192395146
426852093
1601658770
3206090840
275051055
422728203
1687281755
3681331789
167281811
2926502489
4154057837
3534104484
1376750874
1745908511
1690059089
3846068045
2965391214
1046671537
2933237818
286526125
1917571355
2939318587
1759392459
4058056848
1685846473
3003846623
849738177
2940127694
4235340159
1406418241
1156063972
1354460973
2431035283
2923190121
1784654754
215156077
723674688
1845563357
2124293505
209886690
1298773567
1928774856
3790932758
2520158697
4283279800
4234483456
2451022413
2031571200
848545910
430333218
3658980721
3013365926
3107072295
1150113486
1752386119
1651480835
761935108
2408622463
725409111
503605374
1384516930
3598152562
3945775
1898869807
3350792794
2077233290
4184779030
2232791154
3228784508
2548177036
206766105
1208862700
3962015068
3027383631
627810995
2076368065
1079534005
865814024
3941491618
2879914483
4008644894
127321459
3483797951
1307382785
1630286040
233467601
2334572014
1015810398
2358284337
957760973
3445314060
3171815078
68728354
467773043
1261450956
1503929168
2490199486
2535442264
1769759971
1348751003
1474695217
572304783
3297201723
1220797740
2686093761
1809474546
1479182581
3292695320
2454897302
218258651
2571554829
574353135
946371355
658171838
1248557149
256758552
2902003702
2314748052
2220533592
2686696371
62796935
2578961997
1398228724
3117535116
2770594254
2182898003
1999916429
488781850
3813920926
1652518005
1383193889
153704769
274809053
3666350530
960540103
289462228
4063642522
1228588400
83420791
3347861365
1476524077
697312055
3790221052
1137791420
4059510986
4230204348
366212353
250181481
4178432664
176495098
4128245783
1022616246
2225139326
3020413527
2811110900
1711793011
3515248863
2594654045
3493134520
3260270674
438286885
2754420189
2465068108
216996586
1600395544
1890871444
513672455
327427510
1680300579
1465968990
3841122977
3696109754
2895867968
2672029081
3916487357
730315482
1221957470
1433078554
134469626
2273397806
3553568253
423331511
2242226606
3519958344
756101958
3947540268
1311850517
2189828119
2301271899
106917856
3249961827
2274497556
3193550536
3472854471
4103644321
2223116468
1737656521
2685411404
1972919251
804918936
558479897
814796536
2830874115
793926546
2101286735
1021568504
3692622613
2558125624
591047686
1168158489
1098743071
2017944483
2005161248
1230485462
1231834538
2542148460
3654466289
1624375647
1133601485
3839185176
782406949
247624118
1502129845
1322879969
1716568268
3529143884
1176215788
3716081511
1646121213
2197655578
3273249954
1585498555
875931173
1081399097
1245429949
325453416
3182038468
1690850871
4045265100
1131998605
1482580157
287908824
2731588590
1089074472
1822157929
1215970145
2666697175
4236616991
683731383
1731366124
41779169
1231138160
1650188087
705460362
152448273
3136123006
1118519521
871134167
879214765
3792158735
3684674787
3597659846
3382312937
2155334085
264177980
3508580025
3972592649
3176473224
330783537
2648873649
2272744058
106080123
585275192
3388680255
2355787304
3418871315
214363976
719263422
2866258815
1898200035
2122801494
3432869938
2740149871
2420474547
675266809
1420412803
223637827
391435749
2449920175
1695476410
764557989
2206854205
1938592880
1079939477
1800164947
2391081352
2382476262
3094086665
3170712880
1662376296
1868797825
2056656079
955355447
3746016627
2781547660
2726652860
2005001714
1429155264
585281473
1855203410
2424044737
1708732200
2205619065
4097318370
2924258021
2180653490
2312860235
3195768513
2008078494
5267056
2231847314
2229112486
1749977662
3959246733
3672468988
2906549300
43524771
2694937878
2210600327
3025147149
1551940475
4232823935
2882442683
3772631559
3883668612
2916607317
910625985
2934960642
4008625687
2598673117
2634087094
2251714044
1013112833
3770870273
3574493538
154845733
4033020883
2566241330
541101004
1366833481
2994189776
379821999
3212851689
1753015952
1320338525
1682382673
1585307114
3602055662
248825589
1370589452
1258005816
1425878249
60189
118812410
4265196732
626067201
4084581584
3884452534
1991053348
2458256148
561690374
3200066055
1048591746
2523495043
2389201128
355260225
1970359806
1323337742
1045981851
3373938287
1029758721
2126637142
1339248745
1246869573
2911841502
1965753183
424747028
3075586709
605761168
1895610278
2896019528
2543260759
1962280861
1758634721
2317282077
674816435
1307523022
332521888
3719801675
300232775
1689629322
4192059571
3061039485
290955590
2550714908
4217480319
1689974293
343164296
1254169555
2191358352
3954513843
3398781803
1822666784
2567653870
3034670190
251217031
1146022100
1652895207
2328213854
3942845264
1872268437
4262377471
1089907161
3430230055
1586222687
2876645666
180854727
772188450
581774137
284278576
167973944
727658159
2450775302
1315693504
3635060102
1364199422
2549354562
4167193235
4210434834
3833190492
74706498
3058708430
1687468392
1110898856
341884009
2879865116
88045116
3399001263
4214940185
1730314671
3297890576
2753899490
1252986984
4249526676
1359732107
1402308449
2213292498
1188147815
3680524724
1366008944
1649448260
4018099859
153486717
2237403287
3412658622
3402148018
340847627
3365996098
1530626650
130422686
610120765
3619458798
835763318
1135019351
3933558922
584131673
2125772805
2270078702
4183888162
3597019158
2442666416
277779289
698926142
943652362
4092187849
392280304
1238493470
915125329
2866310454
198103378
1402239177
2375067857
2757726086
1838246207
929602413
4002480408
4261672729
3209847838
1826428956
3058837384
4026472502
339497080
1878169565
1378873005
607732877
3672439680
3201382057
220661627
805940601
3161018134
2992084614
1762838757
2540574321
1279939005
3325922613
3240552350
2143890363
2872001801
3165079827
2164914148
256361292
1799338251
1069927186
1134091911
956544676
3756742802
1833267479
2459622652
2066404307
3448368796
2228285563
1706050264
59627244
1559824523
3751084229
945204349
2786049877
545967472
2994691184
2916229068
2631502055
2652954491
3718425995
2524667563
2332617181
98332213
4267869188
369133423
3778744363
2259519367
3796696474
753271215
625014839
188824102
2118042285
509666
3993515260
289298810
2765056550
1352914505
1996851327
3645614855
2821032760
4196703243
2720551405
976793509
128702433
716684082
3420847781
2207111956
1522555664
2673501566
1543452273
45517368
4071870528
556471441
374267448
1457063675
4097948782
794439964
4272843398
664200352
3000911156
4123810922
2271616770
2974093502
2927720619
3588368975
1627365044
3210222346
836737541
1755205316
1479824408
767070775
3438942696
206236350
1589503298
2533160143
3219035634
1703727216
2047654883
2932313746
1665559497
2937236452
1821170890
1205326560
3198129606
294304041
2184638107
3982205834
4152491896
3040323175
1109050469
1947972262
3645881844
359884287
2824156309
4292946758
2126796110
1592292686
1651836120
783844619
217505531
3368357768
1380148692
3310939614
4028559990
3647290924
2501514536
912023561
1143540379
794980537
1812676749
1169917721
623506512
4007096083
2363173452
3190023712
1481608469
3532980098
2416937266
1029509967
2571197981
2415492285
7655593
59402042
314808148
3018820458
3028911321
697569589
2061336964
2020273174
339518051
2345587690
4221124868
3423484356
3314322844
3331953348
916627132
1260453134
1323928007
2477870746
147549817
3245452817
4112635376
3193230159
4005796288
564991168
770403365
1268290694
2184584778
2104665485
415117503
2628516003
2270476732
920944466
761096582
2103731072
4119239494
3470080985
2455449236
3691914319
125775149
1825739621
2374823758
813576675
2281204143
2092130854
248542279
3441430170
3661395805
1935612234
4139181079
1676153123
2197202912
1443543605
1052177506
3529638918
3941715173
2501586972
2457972201
1176235540
2601745381
3311930080
970398666
3771370154
2957196267
133677547
1854534349
213969719
2465349518
2802002032
3930636926
876594945
497415976
2264757421
836885013
2047631535
2982741074
978978069
3939220582
3831916729
1784084641
961066031
2222225491
3386318618
2233024669
3375567014
3360299751
1639388090
2862910859
461368724
1107583996
2354610540
1980041098
3225275316
3268800200
9510548
1215556945
1110081860
1507220783
3849191951
653482870
4171106394
2051834177
3498890057
3974455395
3816877303
4186643717
2605177362
3528483989
207118167
943514514
812306370
3796110734
2444529439
3301287807
3366068773
2668721330
1179753936
3448834766
2060003958
3589770718
3492576395
1461498108
1115376306
3753191096
2606289877
3559116776
2447801312
971771566
3360149226
2915089759
4178500566
3391943528
579061671
760415059
3042233239
1562631207
871966479
489170703
218188152
1216007255
1037956824
2865368357
1316712569
4168754391
1351980731
1865265282
1280134715
774641963
1659078858
811345846
88473556
658177989
485288477
2048517468
3271540838
1056599170
3253054082
898177239
1742845472
3263228700
905431704
3317759489
2488247431
1357687781
435362457
1072092611
1962055987
2615525234
3897376256
1312452819
1159131904
3724581638
1169428169
159511936
1145528105
2835207775
1893444284
2334489341
2952997068
1685366658
1600195792
3207495580
1831880223
40576355
948369928
3752559328
1673132150
3653798536
1410753985
3795425507
2084258767
2916127023
3411615145
514840639
722058210
1606440853
2876815679
37686803
2602101116
1451572509
319848715
3436104263
2077280489
3697572175
4184545971
444177878
203120373
2555489016
44850203
901305789
1101215019
3796597546
1521839646
3485508021
3478075602
2648867912
3518005885
3997384300
3556195170
1385340706
4195623978
3025454781
1255948757
3758329959
3979659602
3509097572
130554442
3426974085
1390027080
2494775396
4071247217
729103064
3483624650
437113310
1715867969
3173999461
2453589583
959154629
2881096607
1926155187
3598159913
4237742560
3399668722
1107995361
2874143822
1589180841
576109258
3036438748
2438272515
3526346485
2854137261
3755127969
630690995
1281949011
440961797
2404996086
3790377438
3804863542
24312089
177331795
2859876286
1421375604
3243046048
1236263382
2357981659
2974473738
1914165685
1591422646
3631647143
3865387481
1737562389
1270302977
1573909824
249503268
1127186960
76703908
4258740092
597168310
1289305260
93914951
1831258019
1517612799
4201427662
83174655
664367056
2680408549
2268746031
3431612756
3641838599
3773681304
3802781438
2562833856
2190162207
1567753060
3149081829
2354008901
2938656376
2667006172
503433720
3486404819
252420175
2489632957
3612834979
2422676714
388336310
850057022
2677285082
1514490867
3007877863
1970724151
1831803005
1797417373
672083282
3866759704
316347568
1328420752
2554090643
3937482826
3228493967
493665234
3877303488
3674485257
2189105494
4041730223
3628507730
3331098443
2083029733
3640670643
3245972322
1073237654
4042919883
723661340
532994715
4129472204
529883228
2640592241
3887257922
2583392007
1988218710
2866397757
2304839253
4264825762
624839415
4240222516
1424597385
2313777565
1509009104
3253023827
1639886618
1989482771
4188939410
3040622232
1126431673
1178816652
538687651
3533808086
3273139768
129896808
2046921893
3171491672
2059881178
1048406830
938014546
2446839468
4249538953
4027309168
709722803
407716956
3199019838
1526949035
1599570283
3660944643
796086412
2041252456
182784084
645362744
663840790
336562533
1939208244
4106523329
144683175
277737425
2992218522
4071755806
1727558532
454716813
2319180399
1449599551
2707803664
2705746078
1021748865
1541064564
1602915605
3503582956
1858761490
3426613440
1556502863
2535263393
3055621433
4129164194
3970838267
242794961
377620859
632258300
200664951
1214205668
1609579096
329401969
2845006387
2607539983
1850297470
1160953360
4251457041
3186619911
3372659309
1506674658
3174108535
486043002
2973815068
562188919
4268311073
1441948856
388821377
1354816131
3248933700
2497959793
3745582428
3388672444
68376210
3250230144
1645325256
4112089114
617481178
100333351
3838956597
3806861697
2144042684
2115005095
1776301942
1467443378
1868656188
2674117503
2029843349
4062634616
3103059827
599345777
139087250
1594134491
902552793
1441690862
156187681
785433707
1832859305
3933279026
2989814483
2241436590
1869516814
2277015275
2810434264
3279661307
2485342327
116203094
1247017433
756510094
892241748
2552795631
911507360
40104028
3688537075
38409489
1313096621
3860282059
4220310181
3209545000
2509962071
3156913410
1428673138
935987956
2649509243
2889463510
3818963532
2474912580
2509106778
3902255706
3912805762
3081833276
3682195118
2837557746
2505519419
2868283905
3001414532
949665231
3490559758
3143374393
1687409401
1429771487
3432087808
2498028201
1295054653
3247801676
1635136905
2142697629
4273961431
3241764663
1786963842
2210324673
3077082968
2281849614
3611807615
2968466193
2918979546
3060665207
4110142629
3362357345
3393229686
2902887807
1386269097
2316892923
3986216040
2681604116
4061178644
2372572323
2244202974
3003471072
4011611369
3199567604
2801248026
457899496
3848960396
1545634920
2271812589
3174454704
3228297981
668236408
1832891765
3164301986
1386372020
2436326561
1489019311
1617507186
2503638238
2069782642
2359250669
3269584556
3438179502
2392659503
835628662
243553192
1909058452
494750693
1346001665
3259739525
562696013
359337462
3806001203
1905653949
1191540156
2794447536
1391485982
3053717575
1097008515
2096463718
4210643095
4116220212
463881277
726163347
3024542102
2865803691
840709732
4189016765
52991009
1801362645
2355732990
1628672004
1559815862
2777110155
467329654
3782460244
2365559267
25422680
442846517
3431479766
1963532537
2452716130
3722976329
4199491708
2700410199
1392012976
3540445106
2974677724
3549220415
4205611052
534156598
769277062
337759060
2423475537
864814209
3822717335
4162889017
371872416
1813341484
1982698557
1683533465
3973941337
623425991
2074370357
3596992785
1118162458
499772727
3934728619
421475892
2925318420
4151537625
2660025584
68311526
3287242081
1575325579
91563057
1125535044
1152092046
4134395290
3882539894
4227968224
3438245741
69889334
2833219619
1474728750
3863637635
3639453952
3571037452
2451580175
3303438844
576741085
1957899332
218924715
1809886021
1451049660
3916293254
3200683111
968040772
2017190469
722925339
2784914242
1025836637
711374977
28533380
4174412882
3343523765
2797772315
2059973064
3181853232
2056891555
966727215
1326535557
2851385474
1904656139
952098208
2375924231
4273220971
480743670
454915359
3797388594
3711330758
1820581711
771043592
1862238214
588951688
3581242357
1424509933
2870652165
2361621729
1533134161
1059343627
2509257288
549627588
3684575262
1475972357
3917691357
444859922
1216274900
184786826
2130664104
966423166
2604337423
3341384857
410157160
237083097
2864344851
1170375658
1070031926
1403532088
3901000111
1167079102
2167366576
2702099886
1164412700
1469829651
315537360
2817636002
2169211157
3333762364
1442941793
4263711955
1663789766
3668659339
3024321838
2412337671
2924916109
4027464348
1629935122
2527442631
2046482846
1579786477
883848623
1366368803
579369112
4263811074
1704682755
10479713
3059630772
946423769
615221853
1570836252
3470553764
2030778354
2500258309
2595842730
2118428871
2637561095
566665384
1847149759
1597186503
1277179361
1389470682
24976926
23864965
1920142424
1889787010
2276717371
1257780231
2530435994
1930761793
1261920354
2090649190
830291766
1312708759
663621281
3621042212
1659988533
3162944515
3628174930
2565450665
4180473285
871216598
2533680842
3250648805
3855473305
142834678
2906967515
2126056689
298222551
3308708642
714851599
3072317388
371246630
1972606849
3506307699
3518127226
4025671869
229345332
4233108761
434389020
3197192124
763320152
2121187614
331664388
2251809882
3645259835
3426486223
171365407
2139279574
228832584
919792050
486018232
2547916885
2102053434
1136314894
2151260903
1626872312
360253616
534790047
3135031978
1195889975
1039888082
478931966
553473038
2817528723
614282960
4245839734
4191438676
2282348049
1675595600
2666660569
3261077916
3753772101
120187263
1569056684
3759273141
1321042782
1934499949
3290224733
182318511
1962227693
1841603954
2935090454
3194143709
2559933024
673210436
3679295782
1593131399
964336608
1004784633
2718365842
2202352532
3842648473
82695236
1917810962
2945911473
2201171166
4046761138
1417251919
1683008449
2427581968
687589790
1076626276
74616457
2472433599
3065326935
2795379701
2903036742
2148547753
1309575534
1602049542
3407576042
2596981571
867693844
2002347649
2785886212
1184869020
3779862310
3178351360
1286740079
3608575349
155707563
2900477291
1271672537
2641226950
354607598
2973048406
1777666392
3689383318
2161777775
1235770654
282848463
2838120444
2825629153
525094154
1040914887
2669776085
538978010
3676914159
1293351103
3159992641
155142972
303439368
148246261
608777285
1371800099
230347826
3848420482
4100754968
879841096
17204697
2555680715
3909620806
3218183874
1357199224
2495914965
2279156788
294253681
979637878
3566201154
3284612968
3438679883
419793951
4058759028
1318280814
4153458584
4102732395
1791109503
4123389756
1414503907
3890043159
681624614
1086551868
1091745492
2943629943
2191131511
3290854173
951538181
3987419152
1752857260
230925276
1423292423
861089240
180323554
4167927433
4118703744
400674452
2137680473
2521398480
212844723
2978944767
2946464916
2624085730
1686470468
261499419
1683537912
3906710557
4012092293
643009961
3836732441
4271882853
3667100490
2446670798
2131373052
1132429198
3046564545
1814445901
579172033
3843566712
2573110315
3845396339
1153778928
2931732711
2609379082
467707408
263860428
4016180882
2808738768
3786274568
3885533384
2575123686
1022808778
4267876772
4289057686
4135486948
166175452
75706943
1253030108
1312663892
2397518922
2320691407
3494856408
3236089669
3373758471
1280151342
2322884451
923214399
3939940684
884575155
511756154
1586898479
2020138285
2310677213
919533250
2259520078
3603258593
517741851
4283045866
2782632408
1352852024
3557322522
1348887814
2988326400
2451915294
2714032642
2075523814
801584423
2879334750
829974194
2555601584
3074814856
3179872241
1047396995
2447181470
1974869170
194274711
912571502
4088024514
285495996
1085286529
1932470927
2709504385
4081501122
591117192
3935950573
3332949761
1927606268
1063195617
507182683
1195693847
2341409637
180893127
3642539247
745377583
606420427
3484467858
3440293424
3774596711
3902882814
639803397
3942416789
1417970927
683697440
2519368284
1090426645
2981315130
453387231
3769022423
3423420171
623731267
1285462897
3581941595
3669503480
3166965484
67537921
2721482945
2064216091
3651564589
3768820233
2422394132
4218214997
3688863919
880291504
2158224760
2747471187
1677891688
3056738793
1023587932
4174716248
3178833031
3950383772
1617884476
1303080153
485887515
4100842120
899995569
4000380180
4128431062
3576459763
1284986701
3029708942
1422894505
2799687390
2637553155
3759302257
2391071586
514275787
2523789003
2673931056
3379079927
2657779360
1664671776
187849060
2231072118
1083187023
2206952280
1517088956
1210468883
3147336414
989955142
55905508
3660508960
4252962127
3458748478
1065795425
3230131073
3201241432
428301647
3345682497
98799173
4080084095
2162989749
2780950290
2383100533
2899373147
3292661101
3568017364
1488046703
3733776794
317860657
2698288665
412249889
280136101
1884963478
2631850770
125197681
2197950645
270121199
3197779749
3321715077
1714937317
338653661
1057065104
3011073171
4056104157
3626322689
3391089262
1840172256
1971338974
1361970468
2207171696
1644225513
1039639225
1363749927
1238180617
2279674093
2238300221
1916341679
1433971287
204760479
782723628
3014208082
3642507232
4279768214
167754666
2866415807
4129031082
1404680834
1308553011
3245601310
2751389954
266748394
684755742
1287719307
4209172331
2785270684
4039860038
3762277376
3468973535
4063252639
1656582010
4025120662
3286983523
3611121495
2020025243
3854414726
3872715276
533089780
574550366
778559332
993326919
3997965322
3532311828
227270979
2036292468
2353890798
415204318
3865733094
789611272
3759350079
3167265101
2234959842
3891754205
2766250860
402171883
3100529947
2814479355
2490178965
459233897
1265802289
2873716871
1169465970
902900028
3412216794
1559505586
920417871
3075172545
3040825822
1271373116
4044428225
1966068962
312068654
2460809117
3106601414
3915561160
1740998568
1839275207
2382053556
2791528235
2371407755
1882098607
103003122
800479943
1655244114
976334915
1324224261
2649986706
3600124097
893993162
1525597196
541937994
3473246684
3684862048
2507904864
3654177330
3754457721
1249789588
3630047670
4210921180
1631597712
756566714
2662773030
1188421532
3549842012
3443136280
2593728861
3628418130
1176370567
955044149
3223248447
2301460801
3646270382
232032351
2346473968
2145571822
2514077778
3663144478
364646745
2229536947
3770288463
641645216
3560690060
1703194697
831122856
3049697738
2327622958
1860854333
1884628189
3241012813
1331104465
1371384429
2039470154
2407233706
3292466803
1064779927
2349121716
2236582540
14699327
3190421407
571357118
805316352
1760647641
2457505725
796092763
2611245166
1470302092
2844041040
3016369542
1396064559
877062371
3416915079
1864043968
3957888665
3722998386
2014700080
1667787528
660212538
3555767482
4062023769
3608651740
2926099603
3780181858
3554257012
1032731431
3844985255
2941655646
442942317
2607031196
298378997
2547834933
846784241
2680521260
2864426656
852162168
1177637123
4026619867
3281940031
2043713523
576470247
2467591156
4002124678
1433162076
2637278141
3869257930
1284397520
2706005507
352978103
2306594567
3972959494
508188751
1630576603
2628855180
3020100526
2514790838
4092369640
3370707294
4176038757
4134116243
4202407265
1247170264
1136818477
1697874274
1289168177
2305059274
3031779688
3898306943
2979099455
3524223765
1736630944
4233671696
1596398244
3219473387
50546588
4109924977
1189982224
3246360099
1239764510
1634586422
4050243582
2536149616
3121339607
3599089965
505025468
3512182991
2877602083
4139509448
1569318374
3814108685
1456485823
2525536394
3257157840
180875287
2637658324
811198021
279921268
860084720
1291801410
2637168556
4138149517
303100296
802679536
4224776447
2271979409
460752999
299742971
659559532
1835363806
535928096
1241662011
1007149670
218089948
3248495898
1261527769
1864269044
2087553931
3417407630
2052768198
605288356
2387388052
218170140
1034110166
2472358662
559417089
2845612803
497258664
3035630067
2981294570
962406578
601738156
809909518
2569437454
2658030334
3485372256
1735850345
3464574806
79488993
2985184378
3557166165
1406796965
2857277594
2594256508
3814286737
4072117397
1254495856
3354769529
2974292669
3774370094
2166239074
1487436801
4024200924
322590706
4240503301
2745107537
3408505898
3597373661
2164616418
2617138795
3356690963
2384984691
1895429009
324358848
906515931
3413441502
339831117
3519545914
1238616283
994889309
3707062719
1235394371
