962565054
379437697
3583401515
1168840244
2525122527
1396430791
3783545121
478876006
3833920313
1634163297
1453652132
1008507844
2803629063
3565637336
2139506460
1864326082
3840713251
1945082427
3933237744
880136544
2435443045
2504587700
3408932962
3512098733
1945848088
1676700396
1667816387
138265302
2948012274
867932847
2425794250
568586786
1728336331
500854767
3242234718
110991005
1513981563
2953474438
747389218
1574185007
1206620542
2883092258
2752327240
2592742059
2916295498
934239581
1048554278
1385545681
706717944
270457449
1470366284
3489600107
441980935
126250538
284183033
4129160782
1484904851
17344754
2993764066
1777603044
2794518066
1991904872
4219873997
1116235145
3325522644
38519068
239639855
1996924482
44712502
2780806721
3359360074
597199305
1625096617
4022756611
3632152912
609857656
3214506046
2067151684
652700715
1455835627
2391009386
1830931409
840870254
1093823528
689451038
2233837832
2014864328
3806243113
2906961826
3056733882
2407664357
2484647166
4039545171
3382951388
2838645511
2044900051
2770439583
452287042
1263348732
3473731391
378403095
2960602557
4288014940
1861655734
3583422065
1234375462
2075696893
4230268354
1190749759
2023023422
214769607
3937982152
3622135423
2415825204
597777742
3157925060
2224611133
1992547940
52709672
2036260682
1500839163
558241140
999423902
2657995293
1929325845
1982854748
4145603833
1550428312
472962136
889078805
516754388
2214666148
834188767
3455443235
1669356255
876847488
3058807439
3807423433
112565637
773732156
4269321425
3091527714
1915010926
3440567427
2184153185
433283596
4293191914
1891681366
2398588105
1173920841
691127356
974655029
1250805033
679856013
1816735164
1812388014
1566590903
2437744417
1763596684
1754368051
1820807152
3096316085
1829008264
4256415090
1829022851
653137891
1424621050
998485593
2751655104
4172239629
3195547037
1537827168
1585013351
2529605569
2888524468
3743112679
1868864894
1993962670
3042419003
3262885988
2885330146
3854226871
3070710979
3221797060
1493464318
826648908
2892565979
3947128369
802206925
2050276160
3467563577
3953524418
1146898485
2147991735
3718127845
660393432
3479755970
3529699788
476026830
3267757610
1075171746
538447825
225505194
392903824
4040187106
3724563283
3101154997
1248274073
4178009411
3421973523
2746511808
3506325345
4068077244
2446274215
2406548190
2025307929
1267853752
2924814968
89334682
1934501590
651246101
2625570943
937270373
309921520
2101804151
1734443870
767538318
1273479683
170389615
3235919706
2543704233
754710931
2281199916
1334598808
1404919876
914235049
2947173454
3342056477
2135565593
910384223
2957067307
2724533489
4138865630
1971490296
1642849386
3567855687
2328238948
1478989492
3484265785
3829708328
2570432035
4000799735
3799036692
3253108937
2410669679
569275520
690136295
2127548463
4135779414
213334885
452177877
1012970515
1426711838
442738158
917862389
3432108122
3563640107
2025535156
2680589824
465897873
3797619842
1517196957
430927714
1899879387
2603759659
3117386781
978419983
1286668013
2736451085
3165191854
141144698
4231534114
3742911321
2996158904
1110452010
71685546
3530377266
1288744707
2737276532
4238273964
2845390805
1115736827
38560754
3037930630
122548072
3985248749
2327294791
3826838371
1625493222
821484350
1916697889
2591972545
1307003530
3934721166
3576138046
130887405
1924077745
1758448437
4168460128
1055336077
2654793876
167951896
3696059804
3277916788
918141249
3866987737
3430152334
4094703873
1736737163
567196264
674904832
834416605
4227316820
1031829027
1909524309
3275297757
3906565452
2658599797
3446216122
1973225521
592797782
3735181653
1081063293
954353922
4148067915
804332790
2241268315
4232585641
744772568
3892096128
743325822
1689893329
2086540168
1349676230
221866862
2664618935
2299585558
3011878832
2367066943
3327960359
170144097
233352646
4015493277
1328756752
2814592729
453199755
2639135869
340810507
932566592
1374403984
2927006698
1962769839
27605738
3806870189
543917814
1630376460
395249839
1558387099
914410715
4265176449
1513053846
2383177521
2980524736
3153096608
1144566728
3324834473
4137573563
2559765030
1364908567
2447641012
784459312
4076509541
3170282442
119104422
3002216487
1093466509
3704402478
2571995235
256037620
669928738
3139671632
2267830707
81545005
3101129126
2243552071
664882605
3957810229
2255165273
3927942315
535829228
1145047111
3507441254
3449882442
320821307
3764876608
2828384849
1857633695
1496081971
2776557445
1937313888
278239993
2264565554
543847330
2436087527
2346504321
455858704
603661082
2820375655
921108290
3973459383
4259182870
2466770950
3290858733
2656816526
3880344543
3006338478
3517491451
3046694336
3160695674
1355530689
4028367621
1871840729
3775017353
1934815419
2340402356
1881244408
1558993877
3446363726
1191226242
4220277514
3689911727
1614786977
2667718037
1547099459
345661444
3578552559
1611367269
559790399
3047957259
2146533991
3485125844
2397129515
881032291
2586297322
2057659900
2771137966
4236245931
2546038855
3959577223
310870851
3260761509
1807182113
4092816115
3651105238
4262016300
4276885792
3474063449
3686058646
3220445038
1456468215
2680087390
1334349655
2301508120
4090216693
2449454156
2443989285
2396243804
2113758195
2396079721
2875613058
2605193711
1071281290
327488951
592063677
1149060991
3001547085
543932998
3453798851
261247570
3508706624
3717092068
708530686
3182007650
1230322028
3427835835
3674265282
155927357
3878062286
3731227859
1491734761
1387423602
2046042618
4109179265
2297697904
3015434484
1641259928
1602268375
1151393843
3867043742
3801204745
2067443553
2248839777
2640084471
3796603747
3137553749
2066187779
2916055742
3470767892
339483897
2694288916
3743893482
1657884234
1084868100
4028905761
2068142107
1671119216
2684631342
1403643856
2031210868
2465642092
4232828841
2452679486
1195525455
2429287622
726183035
1101037666
3376780826
2942691985
3836512359
3967744750
1573673858
858243854
3074045519
1546641504
3869711631
286583419
838304599
2644051361
1118841628
2035204989
2924006599
658250600
3261963695
104770085
3180656275
3295280264
3942501652
4008595998
2969746708
353954227
1951136293
3790056901
1497078741
928036586
1973017221
380455231
1786956845
1939740649
1647310334
925681782
541043800
3576536423
1791866844
2241026742
902349693
2806052801
1594380537
1557259164
3927324084
4145694832
235912204
3906793344
3038275486
3035770142
1170331593
2332571172
1479996070
1258931479
2391943792
3587603671
24139634
214135173
385649228
2371371211
1509176924
3553004346
2096399034
1748074603
1583632709
2848256882
1652801124
1613921737
838704329
1501537452
2634404455
1999660600
4183402891
2147023489
3710396524
2013894191
2563781278
3892674026
3774077231
2687284976
3100880539
4224958739
464209223
2395333331
1234386839
1026038263
318417632
3798349957
2970332558
2630020936
945066693
1335377060
2497768967
2680567385
1973760961
871270704
3587961768
3222345809
2720383144
4173860805
2590641219
1583571938
1074997327
1518234676
3630941341
557480570
1666478366
2499783679
4104775623
1594667888
1197686019
3197116609
2403641830
3133225890
3564374427
1421255941
3596168098
2731566015
2630561913
951524162
1704394862
3828057253
2190525787
2537742236
146316046
1872638493
3472658450
3476791525
2878209854
3179840206
1722426196
29465630
979066171
2647199161
76740632
2955289865
3956059470
2113356777
3090143305
3203987019
2938072933
4221975425
1667184416
3203508004
536862408
1191845585
2176171350
2043868574
3002102229
1249434721
2868566563
2437433027
4061936761
1699966146
2640041437
886577447
575244139
3228494770
1322956602
1069471312
1435899136
2457477131
22881187
323521028
2882483057
55644706
1996010301
2036357154
923877927
2774030555
175739422
660498110
2700324636
928378509
1903334208
1340231113
4042274076
2559648509
87263395
2385615890
5970711
1158893251
6554571
2185285691
1544032999
4252254974
2606284368
1815254973
830586652
2315956407
3778066642
3350766648
2607350604
2722203277
4127052505
4157778126
253988713
375973705
3841431708
3947292629
437276005
3135617275
1597602703
1947515568
2541234705
1098256688
598685680
3996973539
657298639
2712268861
3564634918
3128988523
2943735782
3433608028
1200501375
1263191459
2379566165
3446163770
3627942796
3383642622
210912844
2791056246
3270413196
1717119163
2031154935
3598917435
3750157295
3550970141
1976978091
2399715310
1881905819
3942089666
1680794329
1224847940
3301279107
3920375459
2839324823
3581123392
3187687340
46572010
1392065248
4179713012
168775803
3541918021
2012096331
3409148678
2269352458
669229355
2395199392
3506601411
2512629591
2082832176
741090161
252058334
1763087573
3671763460
924674789
4119280939
683044067
3891187383
3451729517
2260270894
2642174611
348481593
2736922036
1688808351
383880934
2961194392
2309554310
441582497
3490019276
835725837
1280119622
2868423086
3393409257
3750964053
669895392
2457863308
34805700
3962707623
3525639360
3471203964
1720670355
3772305680
2634815025
494844704
810257772
666902708
2161530170
4289137533
1079565402
3003446447
3602063498
2358149132
1229345085
3055445361
492567276
1549144882
2779197731
3649627241
3485822952
3640335808
2194066879
2646554253
4193510413
261857042
3693966406
3145928360
3765448432
444350955
4100993998
2972298736
2479521713
3107941707
1813127826
801757383
3825017978
1108449774
792701685
2428671329
682966746
463533536
728683629
2994559188
2490670106
667840073
2588430468
2704084791
2381853
2934070887
507968270
2623736687
821085965
471307462
2428001560
291870494
1738174539
2129381512
3339960372
2989141571
834495617
4290900987
4291951492
211307417
3822145858
3892749972
2294309080
143446810
2607137307
130325939
1234632741
2969655374
752712639
4197441859
470693911
2342366050
488839721
1238310965
841043798
384943387
3716712803
4157018121
1394757195
19485709
2405851827
3342943391
3341622231
893532759
3143956282
3420194937
2524521945
1083385813
3849299334
2789938099
1463537136
2163526464
2314226193
1551493332
736035299
2904636646
2624916326
2037753126
2477507738
2058971850
1389825746
2311513025
755259333
3894051980
2850104748
1782363493
2645066003
2009265227
969515603
3667164125
3351356805
3464690382
173084499
2011425231
2225248219
655774945
2931995300
901447612
3640002835
2028852396
2690216613
1783875451
1254054714
1147440100
2399666568
2042119355
1534414438
3723243203
2432570877
1748349458
527281002
4021515181
59324579
1202993667
2453368435
380736699
2000178340
3736373105
819995478
1837236810
970603424
829202604
1359268568
370176581
828812644
3658142588
3574423369
682624620
54451206
3266733807
2485677294
3185165787
3821574148
1343710848
3703237821
2697486516
2060726740
1099937371
3731619844
3458815543
129924771
1422372332
2036251204
2380011460
2431408102
4257034474
1158394919
2638186292
3080856504
3116362078
692210503
3943002096
3801295641
1821398145
2050882174
2629197233
4159981161
925100839
1641458778
2749767563
1125488584
970615764
2783067115
2338950829
2432173604
3673302989
4046699178
516929521
1554511827
1523888098
2772337919
2425419770
59413113
3427552751
1308200994
1763953278
1729754540
296974392
232433028
2658557090
3301537619
4235793151
3668221709
1166935870
4165380633
3097282505
650244330
1303557249
1686747369
3083575561
737136249
1249270368
651176125
1642323217
881087950
1561390463
3860121811
2555363583
4183241272
2648790417
1373367991
1220689099
4186830008
555512058
4285888985
3511266834
2793552677
3021073101
518343370
1290666499
1703223645
2174470696
2445120609
1858018395
1563077716
3093344630
3184569861
1006292095
936107962
2249469898
4284008585
1814940159
2839009925
3585143197
1049665447
2685113583
3564345769
3262122958
2263096483
2864190450
3842006742
4220427388
2188194322
2554061477
2862555408
4135485576
1697770177
2047621693
799901670
4003524551
4029904669
2190298819
1817528671
843401573
1403292121
2794398028
3684196098
2856589649
1757254157
3040343948
1755381648
2584224280
3495822133
2312291938
774000916
4173044487
340459650
452020067
3757878834
4271485650
1114418318
1475489400
1802031644
2071938262
180256969
4109721306
3085567483
2271122762
2893716604
3748729677
1853513053
3286705173
1135741373
304383707
2410518056
3991615729
1748754743
4033809218
683061053
1900568228
4231495114
1531284600
1879847086
988556502
1774843242
554290151
1471684522
1063579758
3508693601
4036043260
2611961939
4225488718
1786767637
3747343768
2093144535
658211844
3548778481
4045419631
2455193168
2170121720
1043336355
4213053756
4044960816
1780238215
1669877953
526885425
2428290740
1710416268
1473552081
147246416
2117625935
3810886403
3130799184
3934380552
3383382960
2570220272
2999085713
252341617
570410274
3966417024
1348184228
813193224
1711481161
2025164447
1116081026
1814961693
3074065459
821677636
3358833119
2626289709
2869829608
2753135705
2702570035
2232616999
112738049
1744252629
751477694
2155091766
2508083275
3071018233
777615224
595731521
3716013018
51661829
766510531
3827861567
3219951887
3675673687
1420536258
3348649038
2573849297
62835668
4204349974
2529018975
3510310800
675538043
2677307896
2862750066
1526084985
1171792398
4228305797
2128961086
1470140218
2873716331
3966770998
1580690268
830839694
287074919
1658944957
1949664075
2831087654
4063180227
1982114982
4261276656
3215005323
752661049
1543286941
141711410
3993751412
3581484723
2729535532
1645015921
635275032
116091968
4281597994
4271488162
860248065
2595636347
1781952479
3592000518
2480326776
2043049868
107683732
108205088
3875038378
3518494274
3232133707
1068185107
2808052989
2796922856
2222914000
2710913967
1001304997
3433152562
1510108362
1414066511
2203552685
424289436
983980916
2953783942
3214912466
2899206701
3553607113
2200528580
1142583687
2543932108
1356085668
2698981605
753456053
792931317
865188473
3596075423
1876284507
1751631493
3494373095
2106554155
1737705764
1527500156
2080403298
1490181698
3511104030
1447030297
1123717566
2018829850
384471655
2764498520
55804384
305186773
2341400211
10771554
419316629
4181699182
896728596
607213988
1003201550
3324194335
2028889192
1149458897
1257963420
1318962064
3375571210
1855176312
3968139881
370298342
2222361478
3918582953
3128117699
2834277900
3655705948
2929026740
257990087
3185569531
2442112113
1891548080
4233591010
2281770064
3658758870
2078201435
2112752548
405470215
2622128807
3460318742
1825295510
4134697140
1714684933
396301945
647689971
6067945
3667904107
1267976701
1054685666
2377749768
2195137086
3686861416
1429004399
3955422396
4125252344
3423184239
1123059703
3997440791
1942871111
3606636801
4160499453
2046571760
3719714273
3808478002
1276486072
3971429776
1017160075
1217541116
1841930858
3840670096
3473184150
975089164
916933857
3738577455
3963676343
1205000077
610411170
694064764
502452019
3355978321
344056194
3952245690
234762140
3215354521
3580794979
4174067027
2831412234
853170117
668917073
1146900880
540842847
1918464417
3942796049
743871133
2927500807
1930577184
1957028665
3099517964
3213470094
2244701893
4083074180
4115758664
3908818230
4213983871
761323785
801580593
399643645
3276099730
830851577
2864033381
3574042667
2039215507
3292142457
3914356167
1220272903
2522728266
1262539929
1318251621
11461807
3529451229
2224026935
504125607
1653093877
1042687103
680853284
2970556542
2475601361
405167824
1848719480
3045348347
2442005571
2769577432
2298986767
4077642939
2805186655
1595097195
342268144
988863395
2610242352
2256007878
1182058983
3656510400
3375556430
913656420
1905518953
4148436724
2925993805
2131208560
3505101450
3786164307
2335914529
3984597699
1087617012
1809950995
3560683491
2474423652
55651977
2543013776
649945706
323196304
100183406
1361579737
400833672
2507916566
913607373
1195317350
3218504872
3256669644
2855639456
3212507685
2982914159
1882652246
1773008627
928821591
3013231273
203102401
3136663372
1338174137
3163415079
4104438237
716203190
3353594071
190216696
2797738998
736854185
3025176693
3204307662
3726145165
4066776083
2388674955
2584199574
3378934794
570016509
2380231666
4210831582
3179267558
3106008689
1953974003
1509858417
3233464908
994445838
2359423259
1787542710
3413895169
2247782023
2263628179
1343975920
2432182975
901870330
3153975788
3470249588
503497243
165430776
352728588
433645805
486755742
1313627647
1025620841
1293857129
394660742
3359949688
1745874577
2831698415
434757319
1036268887
786259017
1352842906
3746511652
3108095443
3684796996
2590643493
4115378292
1277906448
3569803317
3461463626
1074566984
2696929967
2654031332
1743319765
1904553689
1455330780
653917230
2312190542
770773166
2233773204
97587988
2300951375
1332958676
1926261603
1418348401
265462675
763871554
739134547
1239663642
1256531435
2927657358
1876767733
3303672011
1717270961
1164414336
2116112833
3689483903
605297694
1099619458
2093203217
2099935861
322324053
221293404
1193877718
2102783717
4242182042
766875010
3040065386
2318851331
1665973263
4287442453
3455953516
3047724500
2566267576
1785054372
16867833
1279230965
2938394074
3937630916
2606289291
1666752475
1333231033
289021638
1601873393
135149208
187242931
1229914487
3847061721
1205832599
2712623501
3977085950
3986101932
1908415162
3477677772
2669678305
565437497
2918722753
696866939
3837574901
972553761
1691335691
431646271
2487595398
1850401515
600140325
3543326944
1870059918
2721736788
4290791311
534918955
1137768844
4026771121
3951020355
294955579
2644049370
2463467164
1296137018
3052243081
52204332
2667861472
3365750795
3159601193
45171270
3744639948
2537505153
1929746411
2780526800
1076098278
1988722018
3058732551
1901158443
1491042612
2846159288
1333772698
2868561576
2025073455
1054850005
1783426015
3450614204
3849747783
2124682517
2443390572
2043496420
1179427840
2392489254
579252519
397969248
2433370670
4279004721
880438133
2174141269
2791908344
2303796686
84693046
2635062713
344007035
3409109383
1082756779
1181204989
3077451763
4275272582
3826454468
3742749763
4263550039
3440085433
740215272
2617198722
1750792067
3173918285
700602342
16724418
1487498085
2083368905
953687331
97986192
4207564772
369378733
1878569851
2837542097
3435840434
253462781
1739446646
126845144
2374955910
1246446044
1949075774
3473103280
1739594744
886143629
2704943442
2919362534
2331257446
808157205
2267443254
3020869291
456666011
4039120424
3836875525
2051163878
4190104725
1180701146
3506429692
1281638907
839991778
3818680231
680726149
4079139060
3051129125
3530677440
2027168006
2445914480
3061405170
2108760929
1494227262
533567357
1297510
478579266
478001449
3332419036
2109386261
79795820
2146239387
2798622186
3578072564
4268654281
3688196756
1315282344
690972698
2533239973
1962921028
3232405617
3485895708
3258482877
3960510335
2206170760
2073560514
974859144
4226582433
3879531003
162141321
3735068104
4176764871
3873254934
3767921873
2856146164
1997900683
945461811
335608693
2160200232
1575306115
905428557
2889722585
1620757136
1190532828
2522984186
264607156
3640876406
692469356
3975711062
407845330
1366717779
436674677
3725403692
676991082
2989367865
3408934373
2999849421
2909928488
312432638
34893563
2852318939
3826762692
3583136872
3429550882
1410684161
2308771561
2064216965
1467806308
639809743
1740430521
1014284480
3962048950
3321099252
1612844382
1108439284
2413491464
3122475960
4131985296
443156720
4139462263
3886482468
3565055579
3100699413
1985287755
2901589384
443036589
2019610980
2035131072
910905715
14843090
3880823925
1539709659
2598915155
2060673182
3974300556
2035972979
1144308160
2209242404
2487423513
2158693170
518246598
2682016871
1487720869
3771728868
3288714475
483670619
3765432033
3749587981
2650615620
3499875997
2901016058
2932081733
3285875884
295334028
1983702357
2934120758
103261035
338914157
1830784020
2581963918
3496351422
125010843
3058454156
3079024434
3740635411
263451662
814814011
904523103
1006425951
4189754435
3059987168
902614387
1209055843
2473850002
2033179483
2925734022
763637250
1006715238
248898913
3133019920
3369427433
3255118766
394665212
3484977161
2572816762
4235154481
2352487568
2639485638
4045623125
2106915450
2986154571
1174397038
4206728533
977116794
2736507704
120836013
2391880375
3991156924
1688287378
1925274131
858401315
3556240127
2726399822
1738099402
298124340
2491879770
604641391
2361567678
2979506304
3923106353
3513716388
497213452
2936682024
517914889
258583055
2634940741
2827638189
3413881737
582018050
3224989317
2070169066
3792356631
404442453
3500898992
1572635988
1921030052
3475985486
2001685793
1117840890
2866821373
3496810254
2988374512
1015428351
906108940
2850025333
605155023
202321293
341287394
496737509
413440277
3127388804
427893827
3016947176
1178729407
165683421
359615321
1363716009
1875986393
1672922623
972884718
423730248
928523459
1420517548
3093546149
3243554061
2774167493
3307776485
2278561455
2472620790
2781556365
1476158894
268258301
750113580
3796029917
961778711
449183359
915204787
797109317
1504606186
2482368776
2430958286
2441152385
2062488758
1687792343
3249942153
3890505541
283249349
682564785
223546100
576037571
2819373524
2281125582
3163111850
1486749705
598384733
3259000268
1790968088
434894178
253902583
2684757999
3963156913
2161788775
460986128
1919438699
3904741210
2991811948
3251734781
3725942614
65025486
2040293059
2972896042
2473012356
826591711
2952304868
167823248
4203816319
923702371
3470058266
3692833433
2534401010
3725850090
1085250096
3082973099
2221413755
382450519
3315217067
277717870
2999682409
73897039
3720509018
261220668
3257172287
3359838762
411788320
2837532968
4015381264
4270969204
3310407142
2659767035
528880578
3464480022
4065985066
3699638579
6374886
4169065328
3961392752
1738186595
867973112
2534544080
2836391641
1897358779
1228901298
1985066406
708788802
2931437549
2531223052
1683935480
1455276665
362857356
3757753112
1822074748
3872812306
3043593292
1973871036
2704588698
2527197608
1086013249
1418569647
397247476
3206822353
1594966293
1732072050
405808820
3784366542
2939028832
3993499233
4125266027
2442903540
1311674129
523137950
1958954379
803839595
153743533
3471476567
1321784624
2798636269
757717058
2135282396
2485044138
1827709217
568908983
320810081
674457026
1213682400
1937925173
2432875612
721575837
3149500708
2873088053
304361729
2783379883
56921218
843363836
875195079
1667717014
3690149956
1623628813
2594803150
338527733
4046259572
3616163404
385914028
2583690583
987888271
287390985
773099554
826541061
88285029
433540946
2532040807
2295016548
3938466033
653172848
1687306087
1782397939
1557312261
3190337290
3909873410
3434030452
3939828203
3353703232
1244682875
1278598027
1272973953
3809309431
2675826632
3828026722
1266644812
644755805
3540833075
1965477882
1861928465
638785887
2349996185
2996314320
3611567160
1669536040
2743522974
2446557202
3296017182
1501050209
3869305910
117296512
1839439355
1012438868
3757562477
4280624581
3385395440
1272655237
4139279981
3914048194
2731950625
1321984778
1599304773
121129742
2381762863
2968859764
3807872225
1676108590
3495111111
3188372800
995784315
2963519598
1281469817
4201292891
832876787
851626779
3212318003
495134135
1988546365
428301737
2432952315
3620106080
4198718228
2656436833
117327638
403683219
3901380460
1763160582
2682641772
1447018614
2988005141
3601995033
4056498929
285603418
2969322092
79941585
2408919969
2512504002
96815032
4042020331
4165634161
2647071064
3606288085
1944888084
1091569544
3833026442
3740508651
77155124
4274452589
1259001499
1461726676
1296914319
4082547702
2164499035
2324196282
3652781547
2201610549
2767038828
3629565343
341289023
250475900
580494762
285709823
2890074125
3154351998
2829056071
3918949378
3039181646
3934005423
3548739274
3329067689
65545836
2113243078
1879181779
3312154035
1255259227
4256223005
3134446197
890825084
2754380248
550073622
270012723
2979763968
4025763168
70463958
1665379894
3304123871
3912057260
1517502748
1627604269
797859894
1211827705
1100723068
188594425
3052899278
4155795073
2921053578
22180488
122534591
2782139250
2578759465
1300548547
1288549942
2811626614
795927623
2996497712
3367518413
3463605814
3839056591
2718411995
994969354
1503460080
3863254952
1722037999
1478540754
1479888241
3218347605
2590328368
1386418223
3550335571
1434189865
4274698256
630497749
1153216878
1627886105
2304658936
1977352842
2258709843
2093395505
753527121
3872389965
2639936278
3301132521
1225919369
2516471681
289065524
59975102
3022470325
773864648
235937473
1419063077
620181273
2609882030
643744590
2226607292
2916848739
4129581682
3229194444
3946544551
3965940874
1723162143
3107635429
2422131335
3040574962
935988242
769929687
4004064922
1687437863
2362802391
1183206169
1738491209
615140715
706749445
1637341574
392409640
1584997945
3912959592
1505419906
3266041584
3113777697
2711943020
2221584800
3129195115
2193507500
2180816169
459035426
3361168960
3418014377
3303850757
1109307826
990923200
2432296921
1346352390
1921574809
3262316719
3686105602
3131575698
796703629
3932614435
357508890
905318100
1842019021
1934714855
655871016
1414389891
62606991
2348133593
2730165171
1851507228
4079688167
368279283
2516180445
3854878961
2983898180
422850426
2412310136
2045818735
1746619833
438786380
4178023996
3717716541
3957820672
630216676
3198252257
2769302116
4263820286
315084361
63241879
574946015
2146585588
716182685
3124834868
2130660948
3962935231
1906121777
1413077983
20920767
966862789
2270228349
1692347015
1031865773
1533898996
274627763
3835134927
1880147523
572882855
1340982939
3674922932
2254923480
2263980016
626798533
1804711375
539449307
3009829449
4149873112
3076455800
433577536
618663972
1566191253
3882622501
11613396
2992700620
63959474
4250808891
3808952595
1191612580
2791661905
717392705
2038109113
2147440162
2328773845
3631847405
3124118562
1840541722
3366851214
1299137964
1057836490
1146427883
4050600269
283755680
3199244518
1876620236
2483406898
3505756675
399064678
1414374099
2953922911
144018942
2274009693
1546353277
3464252846
2326075
4237573646
790297187
395592950
76197251
3846912064
1422243081
2596301027
2976458853
2042372807
4244265708
309906449
2939289865
191241742
79050299
123807145
1930219690
1474759121
2333958389
3029700294
728735118
3890626767
1200746240
597545234
3231933319
1736299807
3034909647
4162015767
724044738
2655888074
310325376
4249938628
1949998117
1571142528
3048392269
2789995146
279390411
1623251002
3125092779
2819288480
3925585945
1036554110
2748383563
3899226731
3002548333
495220107
3031025120
2816003564
1365130786
1081235375
341369727
803145659
402163710
3172542115
2700893805
1126460996
650663507
629870522
1889102669
1943003692
675732893
4188731050
1553832910
2031489823
779887606
3737024403
253691895
4056351979
3662738910
3504034333
2132808134
286897927
831387593
687697674
3603846601
1699904736
1898587041
2771472195
152794271
4137233900
1875817227
2924914364
2327878434
1042790216
708045046
113722818
2293155675
1031538811
4207623700
2481833782
1362632455
636403034
1563275057
2634019027
2951121926
966324374
2495418665
1043416472
1752909056
1987679760
2022058922
1086106174
1455499826
3387629325
3581925474
1614660381
2731632281
579594157
4083197758
3196367253
1234886490
2131933811
155111594
3966836377
3994050067
1839595450
1196433178
3359920169
3636999680
3617226700
2325063569
2390721184
371370991
2751901993
2740890927
3415663768
3359692337
1292199521
1699127978
924364469
395436544
2840808573
45043467
3526012246
2108867400
553772882
966502990
2662667878
2049259429
480591236
1996536593
1530237344
333000273
2593653681
1861564969
3543847430
3913134848
3685834385
2540747569
3552371459
1588278763
590530862
4166267783
678138341
893026852
2227413477
2099899068
3449139988
1489007138
969811386
2909295241
2820742340
1815025731
330795908
1678012151
3348255646
888849432
983500861
2261453533
3015293381
1926814795
3143285804
3037787117
2916062618
1843320649
1414703734
254518240
815848090
1300759299
3385981889
2615706314
2539929192
789354827
1061593024
3186673868
1795544638
30538266
1098081139
2009872321
4065118289
1170157619
490143185
1969529163
1208682585
190182226
2488280162
1056978780
3682452059
3462624775
3760676394
3316912813
4160635949
130328820
2129628071
3915322816
1998164521
2544505642
210883960
2208156261
687156008
4278755899
3366561201
2614985964
1193758947
1743967595
3422339740
647268996
395587255
2474397308
369258523
658884061
1434291410
2064948361
2946218932
4208943735
896049683
3812226253
1701258600
3407694759
1277082664
115180137
1542355749
1120163156
3062584579
4210757762
2524694025
4205853264
4077282340
687638930
359964835
1985626802
3398081104
2674718064
726304505
389326726
3872023979
308321330
4025041624
4012273648
917356745
939776249
3877623104
2303447877
1532418358
419735374
1606605860
1136921432
2917660774
1179348299
2163985368
4280830208
489508087
757894034
3530225867
3131275485
3479273251
1628417415
2320957814
1574880756
1632586746
3099181912
1166398430
3371236613
1079721659
618235231
1471661051
4073449286
3267583102
106013373
3157573049
883731267
2389057643
2743071222
3024519759
3693564791
2524860890
605522383
908017756
1866631915
1984543181
2900350770
1355790660
3155656335
3764033970
1725101813
2983855068
218477616
4253360197
1051773950
3778731006
2760519408
258273544
2351593438
1168059049
759143400
1510518245
3225705987
1549601510
2792037907
2631791875
1040875372
593662711
3560414604
721365516
2080767248
600667398
1822684263
548241750
1195017903
1954438607
1760171879
1386337998
2084488936
3729825599
4261476435
15176149
258739624
3395822268
110164298
911617261
85220538
111055045
1219957561
2556393132
1184774433
4096719436
2506554604
3482625942
2819876667
664464691
2160635359
3887358331
418785261
1035589116
1673943560
1349910863
2919946568
929751491
4004204987
3542512261
2781440883
3851010427
142664011
1593321532
1083725631
1442444197
4136952859
62855511
2965655086
1519115689
3615175941
3738908278
3361501208
1187421329
3678262470
1421562872
838191245
2114769107
657734862
2812864428
2373320256
3983977589
3688365181
516527079
2116536437
1023514921
4044569864
122739877
737235516
2331030391
1278144153
2213886518
3994998947
2429006810
3579583698
3262468792
2631967582
95210035
2678976460
2242533090
374447123
649264511
446343323
1316048340
4039905784
3206624291
3095138033
3861717492
3926377743
1041441990
2066528615
1545028910
2028117680
1322512721
2959182524
607972768
731961259
1343701253
3304189239
148467508
635652408
3169162261
2958389747
3361275571
2093460611
1931569363
936810058
2727659342
2405255290
1074434937
2382055352
3080341889
2938625325
3917918318
516203087
1621518264
3444911314
3032804354
148114774
1807647376
3782633345
1633017908
1056322993
1330836271
3316675133
888922734
2237467282
1130245329
2584574750
3469843905
866830710
299114856
2543459694
1142216437
247700256
3234258386
2146195821
1683096858
860992744
374871238
2526645632
623936289
1164046013
960455822
3052191583
2794701742
1448647636
1799863544
1386338543
1868116846
3409168878
2729381252
991915810
1695364846
3184660425
3003456069
281453994
3406173170
2638470428
2059764718
1411273957
2124726
257983294
1162844121
2100727491
1335611184
2502571422
2432654386
1159347180
1601361500
1783013074
4112507818
2233311962
2369040118
806271411
150605771
4011077291
2833593200
139148947
3000605135
3773364950
1173049615
1741180697
2413772015
1617542648
3161566600
303181789
3652139651
1390219408
846691308
1634312070
1144298552
597383463
8461565
4117205720
3712101448
353447944
2339274985
2410635971
3065799353
15157450
573940313
4035397286
2750860522
4103514715
1330267489
1087422272
2799400768
1224534379
4155830477
3033410881
1392448365
407587642
1136118502
3249883844
3214080747
3739181278
420594209
3174858754
4066898349
2187336971
4110421123
483139721
2011929534
875304170
2675551201
1241472643
2791163401
4105398545
1844790066
3616492636
3533109291
332367105
2030372255
1833929454
866910810
2427657639
2749101735
2948074632
3922593163
1197970073
2201226848
3876446154
646731045
529143940
3888782584
3209404019
233632822
2833561454
2368619756
832299315
73455315
3798523013
4091713366
881114158
1113007987
3524871672
3646791131
396213641
1150957609
1745072006
4229269540
738877247
1341488096
3749256156
154832298
1884096188
1284154164
399546900
1819083778
3024863600
1851671521
3458982552
2838383776
994757635
1960009827
2256020571
2761071905
1778388819
1847791625
2374623843
1324785611
2034248627
2590984712
441139490
3759166129
3684001090
4225240912
2650403195
413992274
2342480257
3094284361
3274201433
1173637441
1797729894
2909551584
4077827098
167484446
4041503487
3151798629
1185381705
3429686867
3125626771
2784220551
4089474545
3937937430
468081906
3715040572
862055215
453111449
4269370825
1763114229
781112921
3819670493
1084273995
320064216
940225600
3665042024
619268689
4097029329
4067039455
4286592667
2211508751
1631159140
1332749147
4233376373
1166895050
3463785942
2940288644
2432247724
1982420795
3927254190
439090080
433333024
2075164700
1772009400
3343701595
2287707847
1689878112
4029178901
2320054868
3897614190
1404886418
2596243175
2120274019
1839655190
687442236
1141199629
281433564
1616874730
2161472770
2849808955
3131645922
1456216012
806134858
3884629344
3034652469
48271877
2715933145
3481587596
2685619248
3462682170
714890516
4108333274
1815515173
1411004787
190847859
4213992461
1963359331
691503640
3369155280
2222957831
3366138509
2969217210
2618348877
528138468
3263930238
3078631423
527241194
3138699576
781142410
3340629270
3600849145
1435133751
488987347
2865710506
1170101226
2268240346
2318145263
3213376888
2953440518
2114920737
3180817174
1539619600
3471945772
331072324
2826236660
782983764
2142265336
3069608088
1544815973
2375171847
2307545720
2844936942
2779398771
2636385852
1177499140
1832977098
2552308997
551011677
2101835018
4069225295
528610426
1421436018
3016710483
2824340537
465719219
451858416
3166953029
174524487
1798279249
521357695
3199771621
972867044
3358232355
3232301360
305286481
3650750878
3619387795
2713956697
827785239
875119524
3402276061
2763459011
454157677
1075742112
3666504415
268254577
3607540004
4064488424
3693420434
1355837344
3103589120
3448322992
1178095295
415852207
568720547
2543692335
2691268505
229244612
3469835733
2560767766
3063931079
612041418
2606868217
2956256419
913569745
2345184903
2249489190
3424782237
13800084
3941924150
1256512439
132205658
639441646
3413877432
3576994442
2340907997
1901015709
1196140009
4091889998
53083244
1552906125
3733581354
3025315190
1887129837
793760640
3663939839
846591723
3722903157
3301369883
2108528474
2188140641
1257753524
2368535866
1939347157
1442315078
2568747103
2816383463
1652528183
1870061904
1228594037
2630680909
2634200766
3843475659
718874971
1652190159
314046231
672955527
1320166921
3763769001
3672829426
1488265627
2149769315
2743518378
3436477551
3236987472
1307426352
1107563653
2130645778
1859693671
2954385904
1901869178
854125492
1281277841
482292129
2413836998
332897688
2167885153
2798829070
511812018
3836467268
1108080115
236670122
3672319957
1635689300
3935788322
646514377
720545541
4104693939
3068675361
1644983315
138768036
2306318160
1456646741
1187685987
35665016
3777700148
2064059100
1215826213
823253090
765698034
3639068274
321981153
2029757677
70118555
509341458
3516435005
3002549380
2569150084
715026934
26799422
3534952115
1564149621
3102103691
3426259590
2872152770
56426186
2774657142
1776178881
3312640024
1680889065
2955799212
3571000706
1335408125
1257367737
592539642
2486032835
2191589489
3615275318
3970504493
2415609385
3801060326
2828171146
3921457341
442237782
2052263240
966662243
2451183223
3240656809
3398970529
1974209002
2600638111
626869544
2692699709
3743947006
587360955
2496817725
4098537018
1357448762
1073041585
2418415349
663393412
3575539672
2448100293
3112443614
2163976772
840936412
2327948746
3102149424
3163851973
2621829381
4112719261
3805846881
2475120844
1561395833
3886084039
114528564
228421034
3447843968
2984005113
1543584819
3393819930
2509292993
2869111479
4228104519
2898056658
3042913728
1953499085
401306112
2646890536
2398334689
645398372
3457105876
1434373439
2008964274
1459286347
3350012810
1816388809
188284083
1458818248
3524835622
2126455474
1884462396
510191283
846393323
2243801234
739989108
2590103683
3170775573
2572911568
2965642342
963164544
2359348253
843699688
3139246648
1814781952
2526255869
1618121101
2191297910
4023735262
683949127
3622921164
2052933884
3996061112
947660426
3159982070
2727857298
2604786462
1653615207
2368963751
1976201107
1964292804
3462852260
1663041029
1522093687
1255321540
4093282016
367479817
3774354526
3186149236
2484563707
124707843
4179856246
3595061946
1174816453
3630744868
2214095506
2223862719
1935740864
3654605632
489957476
2181843911
2943979284
2000963449
14830230
1568398497
2949905123
3285963072
1542196819
2516103021
1381519062
2682026749
2582483957
85448156
4227410082
3716138264
2003320303
689073840
2986984150
469646226
4024925768
2777803546
1193559193
1307444149
1904712777
4106504985
1539475967
616595837
439054215
817784025
2481218767
3016505000
1794054943
3712466388
1514129115
688962455
962530952
1400219249
4068410496
2190564314
4221293796
3253200277
109844379
3051768405
3066714376
998724694
903941789
11112678
3835235983
1218783294
3709544347
4189755648
283915700
4168502764
4001966237
1338473371
2246556119
308993965
832431689
1307506732
1223758978
3835133524
3094067331
3720920870
30372185
775431616
4240578947
3748164892
3800963440
2004831600
2319781179
699829845
676904726
1349938360
1032691358
3308351076
1249920826
1958043532
2732475081
1838524911
358443944
1300049263
3197637516
1031826024
1755621510
1758097760
1112625641
2559021687
3970014402
3156400753
2294828802
52985935
3165104117
378115559
1254200123
672676117
3343745749
968657980
3465269497
3958604759
2968827561
4139446784
3594584230
3945503880
2894107645
162114841
866591139
1278379266
1587165474
1807368789
4125599415
297860789
2341091117
3685673308
1948432735
3728696370
867025789
1613309543
2102191905
2104322904
2754821598
1980546750
3543039841
300322567
1075430411
826902589
1593091019
3985230761
2962619798
1413015301
1547748065
630710697
1051450175
2532786542
3442950341
2987487459
1774506685
1242130930
1241728064
1977272121
3802988416
3893542393
410399966
1964137077
1190065931
3875097468
674938833
3582661030
2758542196
1456338902
1372471540
2926495103
2626959610
3260045181
555911185
3216522699
581634425
2394871442
195458709
1034346999
3534623290
2710011324
2162853070
4190074585
3496104340
3358081691
57671291
2846857632
599306272
3673783791
1177918458
1889015253
777374518
2938469999
1248874812
2328175779
4198938418
595548974
1989356021
344885802
3925184871
3720110765
557440346
1279100194
223935296
735254557
63055372
3262547846
4074426037
2927087182
2765299308
343624690
3242313904
3580650606
2619603286
4012474117
3782851707
673111554
2410189029
58668859
471671242
1960984810
2283674861
3476205922
2724085582
4110044154
3116703515
2295098912
2388197504
2798037255
3144821415
1628339743
285562752
202016935
1141830778
3030330098
1111906558
4045826453
351036936
2605465062
2669938376
4197087495
303800881
4234948300
3873111122
3869808699
1649752696
513066463
2327292410
4243384994
2040106636
3628028948
1525740601
482313432
3047582111
4261479990
4236388004
3189613587
1162004799
2260353808
3751354581
2027355753
2089706260
4134288138
2586228477
4130222434
2149471658
2971179490
1363087037
2051205939
1586789401
2921950158
2176699052
2556048136
3728846240
2107381624
1208059342
843414496
2495391644
3287956064
2725477228
3828788670
112497436
4005643026
928391053
437677766
366981827
2143005532
1830387134
3295890824
3772536312
3670714177
2100967848
1102165084
1239015910
3681445528
1785418741
2726620698
2685705391
3805416026
4185108362
13769412
4178525827
2854504787
1083953903
2053256338
243848136
3528500124
2082212926
1315972355
1401239626
133853859
152562512
856653654
1732023213
3619498179
1816342491
3520048209
2899777355
3501854841
3321965820
3479496018
1303245657
2824196311
76489883
2303451924
1186167803
3100601270
3903275020
821099964
3101373231
914902631
2030968106
2925361583
2927564507
1917179961
463302579
3659440611
317859543
514686705
834593083
214138188
2436909918
3990322779
1909636303
1281108335
67596903
2995433651
3621050969
2728431964
1765064509
3668932338
2744919574
2455420429
3047354582
1366963306
4007052998
2741366027
484477385
976278076
2993411623
2877121555
3174395328
2025252682
1084605312
1593453120
2470314240
179732357
1811573700
2070898805
40943213
1069573449
850648167
4053640174
3046282667
769406826
2994146374
2930251205
3140175662
3802213649
2855521189
4251199863
3595601982
1546428691
1529813854
597917477
2138436422
2847158603
3039497808
348478
71359839
404918565
2727922885
911029915
1586137304
509169991
2958391268
2181592854
2611272563
3901640306
4132569423
420513000
877878005
1299947278
385933035
873777552
1807529897
3177736588
1631159166
4030082845
3815001639
4177382628
517291293
1761321345
4039500803
3803030982
91333213
2640634105
1469908283
1310293270
2462220750
4039401627
1244952015
33259409
594968107
3097362798
386379381
3895891437
2113051092
737338175
167176190
3003195915
1472406859
3373646698
508558358
2039767202
733787021
3273178407
3013963685
388804241
3391718148
3614166530
1756920564
2576960027
3007636521
1945040505
2647081965
3868145335
3982518302
3527262505
2045121942
3966506975
1490689268
733885400
779099257
1100665670
1075010748
833099246
917972505
2349674710
800804418
2675937588
1310810627
1133077801
479621611
830661359
527260171
1443907496
3051683723
2097728217
1483146444
3691412979
1298098215
3836447221
975435684
3324861842
2928630960
1370024718
3984595044
339183415
421572448
1092318189
4280668662
3140394616
2535716333
3360412066
1448773342
2890126383
1684278086
1200657062
1267928809
1400277541
891564333
4248721578
3909432575
1419797845
2963922489
569030951
1200792209
661710697
1607694573
884220681
1902507989
2979233838
2631833763
524233514
943836455
141280034
2382870329
3959865949
77804703
1836328035
1037512414
1605523389
598269406
952572253
2280409782
1129289873
1067882196
220506792
250600405
290335057
1777968854
2380251363
3150643930
1246036833
1996328405
1841267634
1153180801
840155680
2019097056
1713866100
56990992
3340751823
1101800321
2360768323
586698696
3474233479
3546725226
2488911361
715553796
1414345993
866270983
2276794150
3878426959
195129376
3394740563
3087908012
834011730
3654370507
1725099746
3328460904
2107777160
2794107586
2121701474
2161997469
2464288551
1048315673
2887496062
2053271509
2539384019
2325015845
3783786611
2854058128
3056222148
961347162
1324219831
3333746286
284028377
3501831008
1454711788
3121617359
3939717515
55675627
4173206010
319132287
3311656990
3302906532
2004478704
1178685347
3779378146
263395631
67747731
696750517
2623393968
926429396
2654834447
3417196785
738394047
2942569837
973167691
2434184594
3660888777
3474995415
511082875
1524939358
2642102564
3148651617
2232671811
2818563652
1314685594
3626485971
3483417782
2134905568
289412434
2220642857
1475588216
668495712
3375631407
2041514029
3415966838
3573083978
1704208180
3334803160
986671044
3326443902
72954553
2488920147
472252500
279571163
3266091204
4188186803
789108262
2728363823
1166169460
1638871910
2690009836
3953617751
3419910881
3611376318
3944631855
4067879302
3768289588
1280337453
1247498924
3058508220
2969585860
4294849443
3340968517
1462899538
1443886907
3270438988
1560233153
3774473451
1424384882
1132061415
1510385676
2127520595
3769556158
4248360263
2665202946
925207074
495164585
4147751770
2189615429
425540536
1843731638
1368963714
2556420159
1919553915
2746090487
1827395548
3111117347
1399101034
145585013
3911387052
2032831735
1951032456
3683527526
2302523803
3914724871
81402888
693561644
1811908273
3668497690
2108073469
4162129825
2336543764
2292712135
3054462887
1310579430
839350242
3357197392
3703266142
2916786436
1911894229
2263915958
3980027967
3201625228
7306347
1683702002
3589967908
2643423527
709216879
2401532882
2876011623
1209562988
2968063993
3090663498
3035129556
4142815350
1158267312
1050850963
3414879022
2767772907
1285958248
2818374383
1233690134
1859365873
926361890
3404960492
2542318062
3683819914
3332212979
4164194094
922210347
1930472084
2908267237
1063494653
3482817669
2153049824
2142583276
3266145370
2842718960
3746698641
3892529833
3232279579
3015709566
2702141262
1028143392
2084404462
2806638714
2350767191
2536741987
1609996231
3418576678
1373946126
974941820
3987975250
3650050690
4035435728
2341906421
2404603300
3844009737
416907299
273981306
3126412502
843008134
4142709696
796369945
1747432218
3476892069
3253851224
3645558550
4065118316
1016095149
3247180181
2049657822
2844086786
3204198461
3038275896
997481870
1061208447
2458519668
1622170361
3742627106
2706232187
2770092517
361815689
891464789
2955541092
3694834579
3259682518
3774629896
3947719962
1753152298
3217108655
343342790
1110441609
1792845176
2282196368
1799934724
139255063
1766059987
3085974468
3714019783
2398144608
1873317303
1837653251
38811562
2835222019
2412824580
386088379
1231815325
2140625693
3714011603
2083923646
856136613
1565185282
2204278734
3258742823
2884641303
3255956725
1905318442
2091420439
2979116080
2088356086
819780674
1637564077
1638638818
3381665941
3654462516
165493708
2974841903
1981541100
384290014
3876063596
2903584863
2041044350
2245894434
1572617345
456456970
1930532839
3538930636
3263499523
3820120161
2034753269
2273823079
2130289945
3422327775
3801025246
1623544050
3727439829
2391383235
265367133
1174486747
3055320603
2750067084
1813344982
18470213
3187445277
3941973700
2756410127
410957718
693717043
1339241308
511071474
3350205286
394172774
3174950871
2552782338
2155636041
4078008850
1614496778
263550077
2892845743
1515241505
1092796181
1369184214
4108600469
586282786
1802045369
895726820
3911056202
3780793996
2430855470
1022788033
1575743024
162977298
2506828763
868724121
4215994610
1905005983
2198191088
1955275078
727206664
2359448858
4151973336
1934781028
1349640727
3693609300
1449088204
796065701
3639215077
2446932725
987224902
3069178395
621836130
1891703723
332512026
3412481777
3100438164
2454060589
1061668274
1028114409
596977032
3427414656
1364400414
4283106083
2358816625
1373196224
3350372293
640894622
3548434620
2929433594
419324874
3868865050
3081579759
1875272819
1869110102
2167238571
3807242492
821849748
2246441556
302814850
3928425994
3969620302
1051970432
2978845144
4209926337
2069606837
4192846333
1542744246
410836510
2242504344
2711071499
4244759690
423334567
620416073
2794905643
789908676
1149064287
1483531420
801346364
3925408484
284632498
3238389796
3482327884
2780999587
1355603121
949515235
965754104
1692939790
8433799
640499444
46223372
1936237330
1177613548
3950934196
1983103382
3090235499
3011681015
2390445047
1422702215
3334307459
3414675793
1357206046
1602337699
3429054692
1331419237
3516243832
1096268186
3444861927
1192440400
3203067263
3444101739
4079644277
4282210026
3166612227
3162618211
2146280445
1924092193
907786003
803696385
4185602930
1200839150
1688010606
2419691074
59953885
3941271982
3082044096
825926537
1652962416
3066339
169940211
925816238
4064552544
4049263036
3462518525
70683781
3503602494
3255751426
3091562016
3883631054
1657424140
1192833678
41548622
1186750255
794583373
1661122400
838032060
1400082151
1778531625
804210489
2216299779
3217171182
2397487994
1873322680
489169978
681584545
659385610
1084347165
2441573095
2083290745
2023718885
3594251351
2759115687
3586840378
610240646
1964496006
1423613555
520313205
67353765
3354460898
1375813371
2235876856
3162063392
970343304
3068609112
4013632981
2000801141
3549295631
1745801183
2679043836
2757869961
424951939
957948625
3078938505
62860633
861766828
1222789523
3111629072
1020089628
555475614
3196512038
770026319
870017684
534915821
552178201
3289187066
2423190684
3152836621
2207863882
3136489808
955425878
3765158761
2843791198
355699635
2766903827
3541034469
681082558
1780139913
1449586342
281951137
1145492674
3820650649
1541032075
3352239524
861341732
805685586
4113144576
254274758
1931180660
1231953155
220910571
1316384652
3520974
2578373016
269052100
3551983719
3386639281
3897668958
1364111693
3602644356
1925883155
3723807945
4031819677
1422669059
1106030294
3194263940
3607418074
3773039386
1295249495
3825205088
4211531378
2408519204
4109630994
687000459
3311035706
1670388504
1718972759
2924103540
3786388520
277855180
2114440850
2510784774
271230616
3180268838
3372150460
3278374990
3669705831
2142649729
2977949837
3518317707
2040710779
3569869009
2365584995
3935564883
3137748561
1860880774
1544548494
44841376
2839182649
3014798331
3147163892
3227864423
707564848
197048026
1645341910
3665753558
2325659438
2241045037
2715136359
1512491566
4267207821
559053450
3769284999
617374025
4237879454
4002859169
4205326630
3932719429
1680407664
1679773400
1222017048
3053237209
2240605139
3123978234
938935938
8223656
3485198216
1662089512
3138741241
4150323305
2402333010
172120387
3685289568
2200212468
3674161224
1574588035
1388076043
545637282
4072049001
3706182986
57502135
1307760024
4276858324
3936920420
1107263182
3927092691
2395952003
3139515240
197866392
3731583792
2470224151
2685734302
4098040307
358129735
629947553
1777148445
3005120505
2794021627
1430241049
1114900017
1052877875
4156100186
4152864720
1128375146
1372710399
1629075186
4102354141
944346607
3397206401
1711224297
1073404151
2676469467
1405206309
227158151
1408199399
2227501006
4118161580
2535540666
3714197954
2347048160
1990065923
605017467
2193075027
2086410080
4202110494
4085965939
3232765184
2482849051
2913062231
607431257
3222587588
2513388157
32632251
3560358133
691512959
2955335557
3697419140
3751868437
1386567093
1432799055
1869192887
1551678179
1840053843
3045385961
1133980552
1835700017
2691068432
2589841514
181703944
3475044618
2296638288
3958649573
2219261477
1651662967
2573070748
3260375885
2746485556
1653529286
2750336851
2153359195
4041179602
2631446869
2680314359
3766916206
72330080
1040403024
2857372060
450378894
279396023
2982778481
3825302192
1750002171
571951170
3945763770
3882320811
3325043291
4259249486
1951481091
3752821435
2785873153
3081860982
355335298
1547592798
609311066
1374641770
3033726036
1917429107
54837084
1230235430
2721813174
976271532
1849018691
3608886588
2143221466
2418652619
1737845287
2200725845
3404899979
1895086590
2941209386
1074959425
3017958893
2171496877
3734220307
2939687219
998158846
1788520496
3820840951
423298771
3842413973
896360979
2270701787
403774704
2296794338
694918431
1219973124
1699391841
2623012482
2071796629
2602107893
3026655131
3807460049
1357555649
81750344
3775323158
1280632974
3862786324
3380905500
2573041627
1195475682
4048211718
3534893091
4144191010
1104214434
2665663372
3697786423
1669122856
2288243969
2534381882
1135240491
4239261484
4043134990
2866689197
3095641097
780864420
4025634686
2180190688
2682199942
2631729391
2640352427
2003465369
2295786625
1017015120
1968081538
2862438089
3436427470
3764338920
3342844871
279730811
3502414678
583442511
1828285663
351143704
2738876192
3138758618
1280845369
3132523188
1485903603
3021636232
1896507977
3910272677
683049118
2478548985
186517146
3600249223
3796547323
3243556943
795139805
3082298441
427649994
3265486426
2201650439
82348185
3874607226
3853413258
3189141471
354354581
1842673317
943973149
527007011
2894027412
2812349644
224613709
2622964101
268206174
1873557420
4041217571
2411214209
2412888623
3665310123
1943204512
1459883425
90209094
2899924920
1062914543
2368348954
3255027234
1596563289
3259569905
4253441976
1362676366
627640777
1461819204
1036931502
2696095830
1870585818
1703834852
2454619011
1882732466
1952007988
3878443256
26811174
3708510316
24478006
2575493745
3739174982
1073917323
781872668
3075185968
2280290716
1328577735
1552827989
2295772514
4252286356
2303142894
2954353227
1373481555
662470327
3889801927
3086846590
3524789206
3495182648
2708835333
1887484870
4233187589
475957881
447114698
1370518893
1212690478
4166754512
2401203856
2482492515
3831952757
139297802
3371834336
1070271827
383930273
1975366828
169644259
2656871975
3244834760
4089789842
1126808692
3310539673
1841888649
965183023
2590384460
1600013865
2117435304
1659473077
2643744844
550250225
152842716
2376902646
3674418000
3378527330
658166327
638121354
2710011761
1363596829
188515416
3438635192
3631589384
1058124911
249002372
1075095514
2221818586
988737858
3343411197
895195676
1936855793
222161566
1629104093
2050045701
1314270526
285576588
870814740
4226494674
293631767
834601902
458656924
1843316114
4261968090
587865183
2681709801
3067885520
671253159
2467888362
473594311
2380402132
668723169
3592291944
1399219297
1964570332
1803939843
1440143262
1178975786
2570946359
3379379024
4266277319
2019369807
3987378
311618816
246072757
3604660977
1670836159
1510184355
562667107
2697335322
3503985309
3980074531
260713480
2494075571
1528871243
1433183669
3689042476
2976208552
2339295147
2288212222
990708005
629479662
859549131
2991196565
4121051253
3640808740
4270281269
3821984834
3287384182
2188125104
3160294172
2025893804
1536630382
353546048
3499933877
2565527951
783325972
195132108
2857737877
571686838
2244685992
7821256
181220395
787225500
1903920537
4132000444
3284996463
348103386
71163507
1182626025
1658007591
3476719118
561751442
3424087976
2756402243
97664331
611646391
613582467
2446905301
1281707045
4218871873
1311534429
3824033295
1423101789
2843959721
3581035018
4153776408
3319968942
465156069
2038519365
1606261567
1218215498
1177928111
2368416447
2456597341
3930157782
2603156375
1538819588
1493894932
1019554971
1413883592
242647783
416061313
3252789138
4264520442
653049955
265301708
518043647
1549087473
3919425798
2742386429
2018259344
3686492492
2034356342
1655965344
2690167818
649228940
1874948198
1083044285
3603831124
3988403117
3382085535
1452163427
2184777789
3885217
243548348
2094919636
3541383557
4073412884
613234567
652706219
2723046813
544492156
3845775638
1183031901
2611310558
2330220667
3639759269
1701249821
2944013469
1366298032
3155576140
706367848
1492423056
2887283139
4217428679
2550446165
444367325
2344357476
1400147024
1611021386
799003423
3896486292
3616876077
1630712047
2509122876
44055774
3491813379
1108094537
1950887180
664764187
198571887
3361372530
1412819461
4169869819
1162987873
2477935810
1453443479
2077869590
3733075977
1884523543
2950201391
2621735847
1593524946
1401458569
1115121527
3007072305
933360154
3023536897
2881025988
1961210944
299035074
3946857104
2881546557
1944970792
11903292
1840707569
1353528088
1022439478
2716331174
3830983010
30012484
1572517770
1196389227
1425891167
1947343050
1400916954
169908593
877773801
4206014845
753136550
2286070218
2772496854
1365685347
3293710733
3592595579
2121961401
3638657750
1638192527
2432974052
1702970576
1164000436
1126768747
1496183352
1080234953
1875127049
193924516
2815248585
941459401
2704050015
2760736731
4135289650
1619780815
3493692446
1695061311
3514957787
4097807029
4198692864
816042103
2865859103
3581522690
3518333160
3157650453
157379449
475394859
2771794498
4280630366
399627018
1953502580
545034823
262218492
3376481136
1437075817
1422754982
4130720566
1344101000
3812331845
1568891934
1290813669
3492286388
981421599
3086541783
2543912006
1890762700
4147443239
1919031401
4136856936
1390124527
1604045706
64855626
339607568
4079808269
128660022
1585037384
1158969781
3356179533
379889947
2381876875
82968090
1956949448
3155743180
3829670049
4186887438
1842922552
2141632021
3266677960
2209360465
3983441901
488596558
3613722064
2659052381
2020750312
1502267370
4132066053
1064507310
208077955
584808156
85172396
482639314
3062688544
398517860
2572002091
2756409579
822009458
4242874698
954902639
3084644421
4158911740
1294456187
1914814718
2708109733
1858346664
4119855095
1953952519
1144484636
1839770299
1450069849
2994327397
812501461
8769015
3837166101
2166459729
432563288
1296055672
1324840398
4057946993
172678150
2905444691
1437976104
3834145971
1618048502
959334497
1051087373
2049579393
2912038543
3832875480
4263849010
3669667882
3881424352
2002744895
1453630397
168085326
3541095514
189221227
2763362990
2364496779
2742166295
1854723192
506237446
2031870482
3536419173
4184903144
1887993530
2227778583
3810090571
3047418755
776642314
4082423972
64155846
3528121619
3378534781
2095881830
3215353698
2313344561
194688719
2825545970
1361481166
2431614876
10765047
1474579294
1320543419
2145076220
3236076673
1597363405
377477616
3536965703
1737496635
716183172
944144558
1196898510
836391894
807515379
2794987118
853460738
2965313497
1766340309
2748871393
96797071
1644080875
892945209
878926716
1933785416
2096696501
2042466559
247752712
3524295103
2331892011
3592889490
1637601612
2271242525
109214309
1843469757
1358263495
750472072
4196071976
3179214411
40943254
1735532839
3465370051
3342453075
2729980062
3019702879
2383207105
97845763
3961474360
556588970
3367794596
1393283413
120895610
2735650170
1910921988
2571420164
4235718012
2325400175
1167418694
4282191211
2425640967
1629491686
903176675
2005377325
666774040
661726311
1472186185
3960216908
1544497873
1890600530
980749694
184200818
1969636340
4242146601
1080105376
1006963037
2333751867
3731277012
625302043
4002170570
37464145
839676574
3915754839
258305893
3011296373
1050649981
3601662527
2462056679
3449502420
1450452005
3523365856
464653474
4018804716
2079841053
2563433447
3177713936
2526279312
3680815411
1590503616
1209781726
3065659508
4232146286
3614702147
2716690036
4279613334
901801602
2242389264
2118678181
7979626
3339364338
2732439906
1825508922
416134800
3099142380
2106159929
400262780
3125250034
1968202927
4284734862
579585128
2805844163
3519266321
3413806601
3884020858
358745863
2283475176
1588985149
756110779
955268051
1632170695
2625278066
1768990068
2379305469
450250302
2358544063
3006910869
1759322687
3447083363
307001887
1056140362
1662769445
1268583946
1491051798
3935206387
4287711598
900880987
378872218
3073496315
1306123321
2869054317
3025867022
651269468
2166176899
1549136432
3752736988
83938963
1182422155
3109155074
1430493684
2769651764
1957713381
105870671
3307497704
298218091
3964079576
2332023666
918674049
1827842133
2310900033
272106309
3100560074
1375342351
3066914806
1000265819
589357130
1148348109
484187415
2853262442
1475324256
2620044036
2224282109
1642502511
1488201609
1842756125
1810601624
1089189000
871633701
1999922888
3747611856
3336890901
2043980275
515625521
574688498
2709493315
2592008920
2879693846
4244696948
1912814216
3311984795
4106986559
3401672499
2592150745
725616128
1507990593
965383114
1870927519
1261948837
756237894
1703713040
437240024
1091764085
1716497278
4140419079
2269928572
3209721728
156688721
3021284025
556513144
831119921
2464418116
801807685
1501207095
2196837831
1585185613
2122465260
3180972583
2722445899
4245981722
2948253257
2249628458
3895435123
3272766141
1694302145
1800779394
2268356910
2168301919
140356351
2274741245
2641915042
349010212
1035828089
587272302
2820569140
308689100
3007447952
18780412
202883082
961933613
2501272368
4055852665
3080936604
759045495
2217820293
683022217
850212562
3794104460
1995788881
388476977
127593442
4186735272
2006768486
2099733825
2200449434
1542141679
3166943904
392515171
3177473919
3667036743
2314517163
586749164
3240738683
2760916506
4096541292
1907229843
3163075726
155173935
2501118153
3127476238
3080646642
3738881590
2484186337
1663323897
1858351637
4141564715
2164151275
724562516
374212155
4079777411
2852710784
1440112509
3510998351
3415310997
1761426919
3531655467
426400781
845942592
1134471685
2705827182
1734970281
2253983822
160049137
2855068027
2431271825
3024499334
2431284815
2185517411
29437091
2814803805
3601302195
2698959794
680596955
1965741614
546294347
3343504780
3324296847
1731979449
2803527979
963687088
2328302897
758412943
3259659321
3243736576
1217011442
3897055283
2033222141
2857376430
3017155636
463705951
4216866635
2552846041
2780972716
3932368872
3804212554
3430138536
2207958891
2244969712
972464191
3629791050
22407925
1349834257
2778095096
153657593
897214530
4097164731
1850587442
2329279986
598615743
899052398
817007782
4181241059
4225102674
328083025
3169363638
4118419696
2771730649
583225427
2390967399
2948230890
1547544401
1002151158
3715332900
1827898565
2404018986
1053492509
2238047963
268740518
1323927833
386096326
2329802542
904239617
3534950336
3348972764
626891717
695956733
3929582170
1086469261
4093567138
510021080
3029722828
186833245
1670255445
1843870216
118195487
2519646279
189388934
1675613269
2391903590
1729663207
2865737051
3646202077
2294202540
1379293850
86468867
2775108499
2481820795
2285458035
1481484042
3176336164
1728472503
3925305672
3986931889
3018080453
1038594547
1968431068
1196150265
2145337166
2161249810
4270811077
3933191913
2740604165
3711093243
239822491
3057049328
2303111914
4294804114
2068573718
3965562301
3012586702
82969823
2693964107
2383589685
3417995121
2830406973
2172659366
2188988499
3038040929
3946146566
590614137
2737800447
587102429
1985314145
2120965534
1888748872
1722428444
3492068052
2046140215
2037596890
4022549504
3584394792
2982061569
1027560479
2096001562
3633124946
2507272278
498416422
1554971191
198564948
2585382276
1389057737
1883440459
2350567995
2434985389
1751686874
1594971728
2155986799
1267212352
3064968674
4237908525
1964277230
3761201870
1381377438
3780691333
4233236522
3915130091
3323731818
2605160211
746959319
3449048053
862056530
2540367715
480686760
432353597
1801342236
2782628778
1416890770
3482282725
2541858733
642628159
2469005389
1065746040
769330530
44513841
335243399
1507962871
1409976750
2765059664
1067611360
1398902892
3054924946
3412136439
2186684801
2154876658
2774802103
4171615570
1900013540
155337065
1111884063
1211080285
2471225582
2617966057
2693478723
38320616
3286911892
2581843967
718041816
2477062856
3519714526
3117183516
2233168559
2235704885
2233927447
4054890533
4274369760
3884350213
2922939897
198404371
2176653880
3687978922
785392088
2798330484
2731944327
2310694220
963561201
166327479
235662104
3900738092
1118888810
1574404320
1147934657
2585622667
557812147
4132333470
747815985
1388659387
2185067929
4188290912
3414982998
3067575727
2611042333
1776538854
2581003276
208184802
3260688019
142247844
2552403263
2153190168
3633771427
766069865
2789661047
995680139
3398590990
1028063321
2392323282
610379372
1344665603
2705355900
3291947615
2418499359
2792781592
3015284990
2628620025
3710498423
1225249192
2479171754
101754202
909772983
1216673503
1984022907
207538024
2964281396
3320887879
1833302513
3457015916
2867121221
560533029
382539358
2470257929
2629774941
3105930806
130770082
1305487822
1133180559
1265266035
1656676459
1218272102
1934745889
2948847456
2780200489
615824705
4038210310
1587129093
2823075750
1602283564
3349114457
2454768281
1980642177
2239213208
1892448597
1858493869
3104783447
3819002463
2025309873
613181583
2393746131
4209611423
1266864783
1586491989
3080050040
3142204281
3439097831
2723884680
2986099757
1994271392
1512101382
529973436
1531785451
3421212914
4254225532
3497873382
2777788642
3794898977
2735161180
94660704
4236924529
2211963030
1471064123
1384014137
1938053427
215728527
1427173842
2951825652
3170955733
3094623572
2290047254
289574763
2005127949
1169707449
1290436372
4269952861
786253415
582398092
3546114497
9234276
6376240
2031084438
4221060431
3846777542
2787499075
498054200
1295495185
1765867486
2015696728
3898248815
786110462
2456558379
3649561353
2021481311
1748550417
3122998246
143300530
2323729292
1451165148
32876733
1713969801
2661032170
3697736737
1654832769
1408932607
2478121941
2507078722
3493980264
233340071
2803955556
2314444504
2537646553
2441716299
786285881
1550104794
2594547750
3757793870
2790381933
2174023858
3517998037
2619890843
1047660480
3473806826
3430909628
4133765289
2660106349
3939696656
1670705655
3740136255
3286197443
541638300
887474054
2623667588
1297036396
2722078875
230859282
1223393670
675389482
3591964005
2411936770
4173635738
3763114481
795244560
1536141677
4131216206
1212074362
2031049145
3269242579
2234602937
566830029
1504108440
1826905699
1972340410
219331227
2284964347
1317991144
412652882
1590310645
2425940413
1136773157
3187506332
1204681811
3391446202
891323437
360178901
2539192476
1316648525
1930918224
1515341708
1888322842
1363082240
3140720743
1017796891
4260978355
799387482
2576155503
1870915977
2874148877
3924534767
3495201047
3894063575
3592305888
1286238957
4083545426
4156164147
550582952
2553429998
2944514779
3448065413
20693064
1102787671
3578115408
3878376285
2098836614
599681559
3720144655
32920428
3325333073
2830089266
305187326
2463706930
4071435982
142003512
557363832
333549581
1591943762
4225385061
1821183938
708508311
980370432
2621274245
3427030831
3136512312
2052805657
3348761367
772727531
2368713718
1437990962
126408691
745090695
1287840015
3315975441
441051598
1226394770
1387914001
701310696
876824865
268708270
356182222
736209389
4175454643
431322679
3886333117
1467151060
1495452082
3311364374
3530154597
1066364904
3310939556
3644419620
4017948540
557764991
2530480464
1027078112
2714750072
1764426494
2234642496
1730657743
1655889184
3686210183
