2795393315
450240741
1076389206
3273399025
1391567871
2560396
2216635761
1960946303
673204603
1982830540
1341267808
1953364111
4023064927
3448822526
1960078831
2865243406
2480290164
789116971
167593180
864755385
2093973311
3278161300
2064611533
1086706476
2310813542
3424949032
2655833999
2847071137
1010734319
1651542310
2025198146
1199206350
3231807725
2478974988
2775434844
2427600738
254871542
1301009423
3908801081
99845281
3236028319
2404444349
507278988
2051869324
1367079707
1104345772
3321913236
331466300
928069906
2627242808
840537095
588691836
2003325915
3951076716
2584888172
2209278749
2052363367
450296927
4274131045
688923541
278926311
699343343
1618585142
1900236813
1063209630
742673566
2863857462
3451238885
4014427050
2704529490
138958052
1018996968
3931041373
2821832006
3942869659
3061855251
694563503
82765005
2814545422
4181171261
770158734
3381070770
1636046645
3517625588
1117449096
4240468141
2549362679
2075732347
3760277293
2445674127
98793537
2893897075
4028188839
2193894755
1838646314
3093220071
3689598236
3623763930
3145193480
3670740826
2550362404
3828792399
304937862
2090048244
1063920842
1952590383
2395324533
999002471
4182415891
1186762866
3883369444
3026062139
3447373410
53652219
1112765661
2047362972
3741971345
850742920
3368636524
383497892
569256857
2963076006
4221916116
2729892838
3750224588
484803013
834560669
657044454
3413119693
4044014117
1481038875
4287723985
2308422340
386013505
1725883833
4012593924
1431779937
2911205575
2046612751
2474439942
2137214514
399643615
2069471235
116207319
4088185685
842230237
2225601908
573747174
699204646
2179148237
2758929397
1566263853
1581779195
110651297
2832829013
2534783162
3523274002
2033230108
1598247412
811562974
2387972218
2892344492
3392009022
2914828305
3984246657
4264240832
2057436558
845501640
759084294
918834116
2557542741
3647571462
945534232
4051918601
835908577
1156976084
2987304553
2315356350
1992612310
3538757614
527344685
383869334
3244435050
4192263895
3907397376
2785315109
2273435709
346200385
3361968406
2979417275
2383789534
16379354
2702952411
3249056419
2503538906
1853404278
3818038025
317266824
414666658
3377663961
2043926232
563998051
200804085
3864445816
1052661169
1819044461
3324881620
1233621445
4025761794
3831744576
3069366555
2156406533
1142355957
3944874756
3139885379
2273563036
3499152252
1875030816
1126994334
1536911065
3426151630
1691969784
4040083000
110821542
2881069392
2224418800
2460763692
3780759545
2350326800
3732665003
3952584286
2121851553
3447079395
4276145840
240868718
3413527018
604783447
3914126257
1262314715
3920201216
643471095
204976687
639854228
1681328973
147529361
2376827241
2975876661
3492050118
2778254469
2913823935
3180218924
1453766499
3920615836
414214018
1853450939
405600759
1810600198
606400305
3103771773
3240344544
391935201
1814734822
3616835761
3566137679
3202796442
2373639729
593460017
754104659
692035849
4258733395
1180848601
2468118679
2123455836
2855010637
3705313463
1145498388
3480571362
2036264577
1095393505
1695645167
1214043166
2503245670
3950036455
50240044
899792472
4212096026
357720133
225112272
442292624
740640829
2140116302
4084019474
1559003597
753682669
354476467
690454422
219097507
1820941318
292347059
3266948254
2271305144
4023258868
3564329704
2063426519
3452310665
295922109
701017978
1774177448
762192007
2171077350
349756948
1046342574
2666151376
2860242476
1269056371
3904169425
3935928930
3797473561
4136716053
4196360354
1810374814
3821783051
3920099755
1371984952
3068639722
4134789930
2774575873
2478640661
4136411304
555505822
2465994617
936215653
2100421428
2196513633
101147974
1737609624
1540725909
3454722736
2685585425
3646104212
2588479438
223759179
777646941
664702549
4065353543
2979365349
3571444974
2922642952
669451004
3128276719
967753851
3272852397
1894730621
2740235687
1318007653
773405338
3007861094
3930889563
2155061204
2780849454
3731033378
1732313465
2206386716
1770763982
2596463408
3133135295
1061739887
458295615
2081919160
1935412608
3857870130
1870050710
1025727280
1037580513
638588681
4266898460
3015241699
957605007
2182514516
225962405
702351463
1933017611
1644528078
4193022413
1731824543
1199191834
599090670
736242784
2102722127
310659349
2617235979
2166177335
1136643258
108310363
515946761
245077276
88618978
483595834
3611115122
3441752045
3114370808
3453817256
3171514315
2049646495
3094076160
4014826415
2443569614
456698791
3078342805
2632731998
2330307433
2202997148
2920337899
1605969953
2828167106
2581476562
3481876457
2546396755
2299407734
706274061
2830010131
4236142727
3482038230
793275045
1003009786
3323595826
2376719589
782510153
166434702
2964604330
3621954039
2209293937
2847502743
3073684523
491888374
846593246
1093403399
429812791
1872855154
656629687
177265022
3120509728
3123144027
363386335
3403230720
5617454
2732766178
1703812646
3744464961
3333930158
3114944161
3215091669
1541930469
2115083049
2353764703
3031068909
3540314656
2615566
1176262462
4185285395
2933543438
4101910917
3218578050
999879408
23356456
3918358699
4013298024
1544352047
1382230285
3514740844
935758457
1881614360
3851071221
3364736403
2590214099
1851071492
1730131036
1903718492
49025146
360641323
2724179071
3346411068
826007716
1744596850
627255313
483008821
336090478
1739261291
2725313327
43220498
463834503
2216734031
2741898830
1299784059
1145500913
380414143
756157648
4236151836
1404291746
2785571071
3655950878
402126549
3359830586
2223679737
1045375460
1900561902
541006204
363204802
4086843895
673123423
1096241153
996783074
1491553829
3060933510
3251185468
925538646
3957341394
2378429379
2067297196
2142750899
1845726106
804828461
599682633
1720690444
3720828987
1514505900
2180743989
3035842383
2724068448
728264251
1937850113
3872511019
3288058698
2010003966
1658293685
1636741015
3127811726
1905373579
3224748867
3306915145
3474866414
389034124
20894811
3520615120
1525039203
3157902466
3134852461
1826009995
326105810
1593428649
1598342960
3648810973
2223416209
1185722607
2105772854
1900605805
2296564996
564965325
3239368912
3741717520
2851287279
2259403276
3582385293
727134933
3321703993
2890146200
2995728803
27079003
1919442137
3177326823
1446107979
3165238995
458316530
2890339160
2949760813
1561552512
1742445698
1890219306
86143541
3037920476
2345601576
3338740307
2263086891
1661232275
169776791
2175567112
446268692
973095735
1612928275
2136950116
1250279107
1282611361
3184409559
618464466
2109648040
2484792471
3716313937
3262898679
3220859515
433704276
535449276
469485710
593471323
2044398793
2604039568
4013088091
2824170989
1492304283
1276480194
3568513034
2569110518
1848137439
1761709931
311096316
3167207793
3846649825
190529148
2588327111
1251071927
4282171529
809431732
746883966
282474347
2594442587
950783301
3225179164
1484398440
3802217305
3127363012
3411944620
908764924
782792320
1520548407
1316235325
470498721
3013641468
2422890034
2699275525
3397631096
1163503033
2871866544
2206405598
1901094485
1105752126
1415435603
2924516902
2824816466
3070181130
801894771
2375732828
403197651
2605034281
1349914100
1042403312
2190424139
1579147800
259884143
1436598893
464161054
3949326269
2530210794
3360197434
631159747
503818974
1250668623
1667763784
3360738212
991528631
3037701177
3165619130
21037187
385921685
3169394375
2423498255
243339385
420602816
1097118620
3986476049
347755880
1410093743
3694076698
2424691910
1771295298
2755505609
1782777685
3959597741
4123469336
1610464419
1756537336
4124922628
1280313926
1879833742
2766243455
3011448961
1897658441
2072869009
1845888151
3776771691
647932134
1230074225
960495236
2824316193
3613589361
1461925992
533362320
3803623311
2531353418
3346420843
1991555467
3951285135
3825570054
1752755589
349966287
1189102657
2366851258
1413772466
3541626192
2258441390
3414946013
3285174108
1283643422
3003118140
2817307986
2508374118
2743962049
3817797739
474103244
4225383194
3541807541
4196499008
307484292
1347571715
705906326
4071426509
698339475
1669490287
2759415709
2717313613
3466932951
2442166232
1186874030
2658091315
3157586897
519006432
2399144378
3152386117
2795184852
2348213368
765414346
2106552892
2175770523
1650672538
4045662854
1747115206
2778798088
3364616076
1306307807
1226133027
396848529
1440691289
989478825
873963965
749950269
4231487341
2947065296
2057185219
929986402
529491605
36841069
3670686152
1730770009
86237684
3714520399
1231363583
2418707328
3167646599
2103641541
525352900
1031923101
4150093415
1636132804
3995914374
3638376108
1360965125
2886522742
2266981576
3292065705
227635800
736354354
3601818708
1156867100
2463650964
2116750201
1269296141
1151023229
380557807
2293512495
3008354462
2541267475
1602500146
1605837426
534425820
1266196464
3484523235
1242830171
3451949789
3961800271
850760675
898478827
3996539056
1643057757
3914459914
555056512
1357737060
4125633142
1722168181
3172400539
589213551
3787639152
2383673055
484952517
3934894379
437784721
225927027
2911127946
3914751253
4217475532
1778233087
906457987
792075310
3491126049
3753577612
3324030714
4009167830
3262142497
3507304373
1402567718
3505217417
3193735164
3061686040
3630330983
1257446495
3956307154
4245547393
491476067
25382399
3673753976
1472021259
3729166509
384894561
1808160349
1671620612
3450656930
1155534746
2339235644
3258044174
3783377878
1396111758
457965290
1781486455
2953825947
3800611851
3145831688
2255141131
1259341800
1570422393
3100247037
2896344002
3039902458
1433712227
3784010113
3804877511
725398750
3201225944
1944304353
2093042058
3560199209
87398478
2992415633
1904961596
4027548519
3885438437
2350152526
2467365670
4113468728
1792035747
496216374
1113365535
2525580980
3352314659
1569184457
2187907869
3100996989
3890860074
2008273845
3119836978
2680876800
1151731322
2166300185
3934997705
4279365692
138932248
3839977001
3814905945
2990857778
2986064428
331156170
2900077247
2780193958
230595969
524851793
2106710443
185434100
2702453363
1298755234
261738185
1523461291
3348383242
3228385208
1994137472
4112706436
3627569980
2775079033
748990991
2871697317
60276247
1396019548
2137555181
3182335676
2184261096
3928878472
2455625810
1832890419
3220655134
3597962871
654555219
2649213318
3743680202
858122668
814476216
4127886389
2214211409
2143877123
2984767965
1484460642
3959930134
663006762
2316113748
1620496692
3999847007
254431025
3182534667
3107246825
1950699438
1056734801
2166526542
1394811245
1419863195
2168080430
2581313364
764946021
2645327260
1100207243
3713697915
3834305181
1238630319
2333901675
2004221628
2058866373
768438019
3521643946
2533310030
1018259753
1348839722
1631619688
1185316462
2950073818
2408507577
1516933142
2939648912
991226863
966084008
3560227596
2525822623
3197630423
2531329470
4186562586
2266698257
3539216269
3701332065
3757934762
3736856131
2019908118
1892780131
1129431822
53973008
1356632079
1553834491
2752493874
151909850
1805723042
648389003
3580130776
3256253017
1008257525
603479908
56345716
1655852840
2334190503
2974677641
3411787736
105716898
1786385483
601866339
2072390060
1352344966
2874787971
1100101209
4275469571
3032157829
3432042894
2796887329
2309644341
2407188628
3948650365
2002381654
1016274548
2531883873
560139852
3681468847
3793731452
4132026409
3173144542
3118413456
3351463897
1995368132
2334022292
3729613510
1552421671
4212538508
3612579219
1408264490
1668272971
2021131029
730718855
1027074078
4226983644
2636232112
3023822173
3389018073
327869557
32298346
2816536306
3277976587
1111611028
4101138411
217522605
24321632
31585275
246924409
3425826566
1173803149
600721587
3197591048
2303879104
2376161898
951900594
3269854292
4037903765
3327092376
3737405144
2314873801
3324172886
4198625466
2565044610
469897394
3136349815
3351725170
1855144226
1454070810
2081985767
3998732654
290555121
886403862
2523414365
2002076310
1443099326
834265230
619823544
3895347384
4032683664
260492615
584175474
1136205541
1739778567
825824755
3711698857
3712141014
207158178
467861421
1294524064
1093303098
223667868
226727984
3458530618
3926096755
1692107303
1395018569
858460681
1493270333
3488698199
3906828820
611764945
2176173889
1228925220
1946989910
2071845978
1277482065
2676363941
2792800598
1680263576
3121531700
3539969038
62434919
3715253458
3696866452
2929694888
3085651193
2052290570
3887941582
3713111488
1326672614
3916970784
3256639169
3443597381
3428505555
3292638323
4168789235
3406188041
2536146465
3418226953
3207653708
146239789
1747184797
3542485135
583846026
3838261464
3188924013
3878140325
1382401247
1233975285
2647568622
3163319976
3705502486
4133425583
3678653076
2806454259
2457447508
3918531858
4022201817
1340287589
1075774410
921211559
1048536573
4072425228
3759125100
1074195784
1134411453
2012055186
3117832672
818707713
1727076301
3733712823
1873353048
743352268
232682103
2920793058
3171335185
1441616906
301646404
2740295024
721346322
3641033199
2184486049
95043011
3363461000
3539089822
925236969
3466882138
1120522132
1905882837
334952355
135820427
3619731382
2948107642
3057932906
1457719525
3558795003
1614815050
2406354733
691345079
4005771327
120895375
2950106487
1550455113
2002297242
1953804960
4257190989
648330588
3518741119
3563343991
3091739693
4256743153
1614732687
2173557546
1268916874
2731546688
3505095500
2344027841
3099570481
2118916912
3565310001
1856054884
3036339237
3672013651
614791831
3465713131
2679980107
1541523537
2104131623
3827926156
1523488810
4016088913
2348912052
3903405636
3763308128
2415778570
3515506252
2328314257
532310695
4061375675
3593818560
1709298610
1074746498
658149205
2028455401
1235179701
1404287864
3849899602
3730320626
1174808435
2874202840
2318066679
2062996127
91815129
686492392
2867952977
2372396154
1512118128
2072859489
403943741
940870464
3918845924
2547445339
809602394
2445142115
2808930297
3369842202
2434383488
794088174
1547524951
570039578
4288362465
1147104342
118160527
1906489487
1210356588
226449340
71199505
2269792512
1694958105
873198076
3529902229
3442790065
527764853
3056106258
1715698987
2029326849
1983312820
3262625100
673547228
2191796297
837251642
3370624068
2479156159
3043197969
1485481184
547398893
400837317
4178444406
3187328879
2322547842
3971134209
770488497
3041486891
3073789841
3850065476
1654279397
2916597784
1756871221
772601102
2544244676
829033897
1231924556
3098199749
4251288823
2790707337
2846281312
1628731738
2340584036
3701178994
2916756788
3213946507
91478303
2110678127
1970505980
3418436981
3733606192
3516488711
440433824
1474155004
2115996327
1764349646
3735181690
1657908592
2296697039
4292539774
2912395185
51441087
716554282
1350360254
1166603167
3584424546
2471762694
3246463161
2339525004
340713179
2625662880
937327949
1660319019
1475133572
3835437465
3607032592
496864297
1494184075
1109066200
1034596984
3306767272
3468075329
641120114
3989630308
2187259581
649964980
671681512
736428864
3692761248
2198639884
4142387883
752827369
3466808536
2262196331
3310396420
3989059623
2491844400
2901473236
2934482040
355095202
2136226547
3872780342
3421475309
1587231101
377836780
939195876
15156048
3589031917
2856818351
1178496905
3771113336
1631886183
887726907
2188224450
1695377872
2007289019
2691953173
4061567688
4228179370
92294639
101402613
1386663115
3768412220
3104781561
1276019371
1019308705
209307810
3040062170
2205692011
1124093458
3849635714
2704272360
1121801411
1004619594
4195226246
265851743
1568688274
1250821211
1767756573
664342706
4144150302
4270155412
3499612896
2328259473
1242538673
786577514
1172165413
2659463681
3046581544
3234703746
1222487531
2645944381
3118604880
2809218096
4290152058
1179722831
340272700
2600330747
1361005328
2149446320
554103520
481049978
1432427873
1941846002
2772647888
198736304
3418033453
312947291
3195138098
2077697660
1795045289
2066664755
2889253963
219416606
3784843082
3470758712
3801953587
758480017
3976733595
448870712
2636555217
2007153219
1099827338
545696389
3697969864
145207696
2919878536
1058667097
2087998126
384525915
405951467
3398721710
1467081788
1516705059
3391324100
3794133694
3578307999
1501310452
1579356265
3352156175
75389335
3842659855
363156559
2811224992
1080761729
2992371130
3236259793
2905319037
4159937008
2067667781
2560283273
976140929
387624800
1499310348
2788400084
3120376613
1028720967
1074235678
2394538528
3980800598
4202202506
3372130438
1788373811
616028205
2823803229
3736222948
1813498267
1285620866
494825892
1109739107
552837844
1629923836
635315099
295651990
2482572052
2066395568
722133165
4279230133
1095631822
3189440502
2370992621
842470666
2673071143
2046763554
2920528684
2843334059
184822783
3928182537
2047168316
1857061072
2199874574
854155331
1702313762
580841120
821553704
1781665319
3482669822
1359721126
1343630387
3111158495
33679800
1610720634
1133185053
3470716567
2029402563
2505486880
3990441285
2078704873
434124598
3408177687
1416124016
2060450568
3842932388
1966027290
3947470252
1643611942
824202693
2988601969
1044265497
3436475773
1663184127
291114367
4128054200
2768235237
1995830978
1207607564
940757399
3364473057
2960604055
1012569866
492012930
250204869
2988957863
1631054005
57419978
3411371047
1673145554
3911437499
1733246523
808849485
1056676790
2934205316
3352175822
1572431929
1923056406
42550436
2218060382
4247234645
565076272
1287605839
3025979167
3496040479
2713542891
3030099260
235338252
4084621322
2311387990
2436766437
2417054673
2792894974
466474872
1013393699
2765508788
271073919
2254217017
3747737661
1993896011
808585413
2842717654
251745537
2712740679
4213910349
1838664970
4052202275
3037056774
149278061
1633688061
1677856767
490145724
1425294551
1586040214
4162556859
930695129
650111105
2603790736
1386115456
3968691648
1705268934
3552254405
1244746489
761228884
715052098
3986986025
2702605426
3468732753
93507132
273079748
752075386
3719685860
959077949
3660365974
3530308871
1582383959
1246471799
3758105123
2397582309
4027492811
3305035246
1560448979
2983782294
2889100657
765681690
2619852915
282557898
3794239082
51051388
1259213903
3928677890
2328622121
4024869474
152632574
3753466703
286275958
2422986974
138360640
3734736092
2135239813
51274816
2735359506
664320723
3369869649
1923831818
663434932
547362782
550053728
3951013789
3134153649
2301362581
4147714170
1766168311
1385310388
2153658240
118494211
1956876962
3909755350
994661800
3987334759
39426294
2470602258
2994521568
2525675724
1535083077
1927577998
1900817958
3121637956
4221286416
2575893879
2132804404
1263157430
673911935
2590978869
205651020
1661449811
3083637366
2916523037
315673485
1046228626
579058069
3510388569
2031750648
2714828436
2937334902
2695843608
489922260
2429008141
1242596113
584460533
2577046554
3608089514
882114630
257727929
4095712136
3196968515
1831928860
565908834
2624592433
663756438
3554947868
3235599714
1063269036
4184101257
4122098203
2717802422
2804331671
910774480
3254357883
2041052694
366290764
1335145142
457021109
2263018044
768099826
2937762295
3005542666
2538442503
1135568851
160808477
4287126080
3764072640
1041923640
1755807283
2725190002
3898124525
1043461875
2363998327
399622937
2383236277
1742435431
126346606
1756745656
3022727111
986996427
268399724
46064843
4079653962
709049235
3519622603
2735626226
3754062602
4212119606
454099214
4021571663
3003823690
3346564953
3335811731
3241946603
943215826
43358216
117015552
3053269377
2508623916
3310582024
4003345261
1221683733
2695311595
3634226474
1199738406
999088754
1183770381
2850071026
2302951891
252253258
341031682
3861246206
3000678088
2880870052
3019838899
2376781709
4060816567
2836963064
3000475618
1384943995
179673516
3567066291
2899378495
2463742346
2308942261
3816970807
347079183
4049644346
3209794526
3930583659
3627695129
1721131878
1318855371
3820091300
2241466582
2814720671
3713294676
1823200836
3318553194
3721362570
1510958323
902895076
3771041023
734430102
1838461432
936560945
2023584700
2127418867
1656842540
769391358
3361009518
1584542265
4100816616
2149287108
3119892162
3546139242
884088228
3231658433
3294835646
2484914161
531688898
1197949710
1867552317
1545095345
3559766841
2966664577
1030769927
2263382000
3454818542
2645717286
2327441447
4108674113
1548140458
3945197653
91684459
3317045090
523015978
3065739444
3691772034
277260400
1450392574
3737585594
4239907514
1625460565
960589489
3684734682
105449634
2045700280
3424305262
2590142490
650741764
2789215890
1709445735
1227218536
3216512702
1211807805
696560036
1739495424
1865964850
1051131299
366270772
777356872
2224679963
2439459971
1993139901
2192849086
4193693973
1470624197
1337764423
3914153299
952767376
873865230
3604590038
2907803792
1846005713
3627525008
3468022478
3752923923
394663409
3469825877
3737865803
1561804223
746310918
1541793517
148865652
2287001083
4075172904
1183123352
45938488
1269158776
721631854
2228516646
2766989831
2741119483
3874919457
232970854
3151618244
2351581251
2513772839
2928418510
3113292858
1649256941
2445627923
3142733546
32480015
333219349
950246434
295797663
1180987616
1691388530
145964568
692511996
3915174621
801877224
428916373
3691316478
2749015605
15796237
4280426158
4256809804
2961474618
2419753795
2848067594
1366114160
4168400084
4259735551
774463803
3376531992
1010919630
2073731386
3878032175
1194532471
2854920479
48583925
317127432
567010610
2251153854
1296131952
811547307
2709402086
1443445386
1148111687
1613967432
2752166299
1662641324
657698422
2993743193
2195124653
2136840049
150409224
245218354
50313351
3162725983
358124418
3112781987
3483268642
1666619106
4083347277
2928248048
1109864168
2557816752
2440502997
1720635661
4190915850
423533841
889088103
3747693602
3625741480
3059876192
3678515530
3683388615
1145879459
4086623803
3046268783
1183425080
990036715
2625949153
3362392211
4086630751
1080930581
513187004
38065175
3249343687
611634657
2965464618
1583001204
734391145
73781287
3175238586
3932942791
432422582
123321844
14431732
1029692400
3572107612
3031888422
2309425608
2086123790
553678360
1998403429
1469209443
279475924
1117019578
715016982
1684081787
2631361023
138912776
1142544272
2253290245
1406660269
4265064792
2860174307
315477877
1079278917
3881939882
2361763961
3560728744
496262667
569544842
289440025
1642453970
1691113580
2927687956
2333296558
189965098
2905003209
3930201088
3406454866
2973008708
4087166287
732824340
3497713956
2040642636
1994817078
566352015
457358094
2499858348
3316015436
3333059044
573411603
21512203
3748888378
2669015056
4035662271
1356817695
2423950840
4037784319
1964043522
660548016
1052037466
777111591
2643851868
1532973015
824155510
2872315370
3492349193
2390978852
1338516145
952978668
2389919298
1928068267
3824055496
28261745
450254633
1140779262
1803496063
3998286425
1577569126
773751939
854819634
3853554424
3718325434
2453493809
3657023422
874583702
721935174
4246186268
2146636325
3785116272
2958949561
2807281986
3602568691
2285162200
2517067607
1854623656
1810079241
3241699282
3448650966
2671182155
1482612069
2761395955
4048598221
1464555332
732494161
1927841458
1493263044
4150802878
3023476582
904038716
73129336
297668513
1813829597
3327865950
2445588632
2052231915
1716692387
2006841835
312108249
1889534158
3433498565
2349372842
614707542
3343834022
1596843621
4268443602
2444093888
708908405
3999614912
1218898177
477191655
2698730797
1995018554
478529141
2084282700
3654624027
768817723
2402268188
734248184
3119277445
2398793794
1555739367
893777224
1486765817
2663717700
2777688345
3518661469
3223429595
1805789144
1808649061
1963405593
3124354837
506581672
3036432820
3832017708
2167148266
1672239090
145213681
237780041
3110584348
2900659501
1772112044
1099382484
2227311330
3042393559
3611307632
68631981
2282288122
2735913709
705422156
878128258
1376298659
3610585326
661347591
166242523
3824343473
2497007295
3260501461
2504127512
3689927759
1592841405
2827023287
594346074
153759887
34075546
2388583354
1482849215
909215808
918922554
816993197
798265710
4250827498
3452652286
3706290081
1948579040
2935042626
2581585908
3577391276
2684956870
1329702870
3348609318
1603684197
137030736
2937719828
1234494685
4163400033
2691034158
4195189426
2173880922
388077741
2611026588
1034185042
27315902
2204280359
1885178455
552401281
2239739771
794543395
3552953430
1140708957
611677940
700741037
2185463775
388396840
2138634744
3939740130
3359523663
3291367676
902343022
2931130672
2481163523
1867357953
1144420408
3433800438
802124248
2549693170
1161589177
3640955641
2863454109
3147753287
3281748908
2903777991
487506017
966585302
539524346
2043153014
741082285
2436315376
2324405725
3504889952
503801027
4271084102
4006427334
1046163545
1543185585
3232726846
1353230605
224508926
2682588159
2847463504
4015027360
1415755979
1364044691
4105633501
1865958186
2962661258
199169615
1591152194
3792684659
2423289387
1367837825
1692103348
3981162737
2201744969
2354138792
2793890735
3639822428
3541170472
2976937446
1426878244
255776626
904233335
1969744139
3608199995
2050920248
507479474
3329610451
209490560
3589017801
2481015015
1617521545
3111224823
3043280191
3380385822
929694845
21206614
2147431914
1065458435
1880388562
971544185
1424374210
3658529582
2034945380
3289706344
3754162223
3015496818
2241947973
3950288609
4227249386
940453551
3349063714
8076196
1609035568
1225812333
1380086016
3424526428
1028172728
1737234392
3278164365
2547098938
1610581793
1642654650
3865788128
151898539
339499139
931768987
620473382
1230754990
451113991
1201998855
113458459
3686316836
3995989812
4190607474
3048832179
2436337863
2133033283
3371125962
741496827
341329463
4164684068
964415757
240195914
1321796791
3980747184
3598293895
115270512
737629594
1588181428
1985812661
4251919374
3672052644
2987296064
3942393117
947548323
590520317
4185976939
2234682411
2645050628
2614240620
2613609220
810299975
3076165173
2698185862
215487509
1119102938
637089774
3768353956
1534368838
4213060694
1468845754
3414860189
532236028
2081573057
2260572732
2135181779
1305130660
1593230244
4076015035
4147166000
49380042
3665105554
256576351
3122412751
1169733362
1531881179
1203978991
4199153492
3146998862
3948479548
1626047671
474575142
2175649124
1747031950
3770539314
821026571
2695527685
1386703025
1243258564
947041406
3027435103
2212330074
2654508930
1559642682
1436136109
3728506812
443397264
3432619587
15995916
452768964
4122521329
4048121311
650667508
4088378089
3512278106
3770442094
3222736648
2464103842
1095230597
1056395930
3463890206
1315126281
2872307127
1336797148
3170406935
1865415655
1242490675
887285526
460912591
3642678627
1118846014
1034261423
424635837
1966874820
3264620972
1624477451
2659680362
2384918471
787933377
3159312302
3905264522
3238089504
1755395676
1846678884
444600161
1758094414
4230009306
3359078988
2892606809
1929005551
542672890
2556029962
2317031683
4226471432
1796917999
1897517496
4146039278
570889768
2040693866
2144401243
3646403172
3682378264
154168778
1345671006
423644140
3149931386
477861411
898629223
1163406031
1301492680
3909783491
2292299989
1883738069
584672632
767858813
3207604342
1097265928
2546955335
244634430
1332825648
3463562443
3359882935
286943975
2407109944
1012407019
1243265224
738572592
1508415326
371668411
4205770930
1433785871
606554584
4071638068
1249673122
612408318
1512733652
3759399405
3586658687
1992706612
1750053241
3295344681
4181436644
978022472
2781495771
303659634
3265339223
3846870789
1223954
2673497584
2851688866
4189427114
2156609066
343444267
1236438619
1404003784
1787926251
1056395751
3123803484
585520115
2166353430
3064039393
2896908440
2873131741
3107561683
158265894
4080688336
1999928345
864503883
2086892597
525139434
3666215765
1867813358
3699739740
2388778250
3446459009
69393257
186864796
2843564876
2015606024
2672928492
2460587526
1658839836
1260408175
1272347509
1455775193
206871639
1185026282
1331806530
2159101597
2047663558
2468526209
3150777966
3940144380
1069713712
443003052
198739942
3314167089
2846899931
1427971296
1017781023
3749379468
3609954355
3162136059
880392571
1770997857
1104302807
1314751861
3452463670
2392248174
2030477887
2758616589
3177321184
48961789
3083833256
3496372659
1931594488
3109583647
954620256
1136526848
2732387168
3403094197
3878862516
2723186495
3999683016
2196554271
2238812974
214503580
1659640430
2864232410
3139763848
2065204710
2137256248
2315862933
2154871292
1267033076
652405550
160580898
1265536126
1450003330
3754280198
3771116169
3613360026
1515503522
54395476
2209101225
609522691
2082476114
2103945635
4244271925
2217240402
3025435197
3979313619
2725231495
654515857
3568622887
771230231
3502030227
1792858436
109041190
936188356
3284609467
4201491408
1034868398
3283034211
481261200
1389645414
1742945522
2208023935
980112260
4152459945
404249560
1900956757
3829239641
4187042238
1547454880
1935333713
2365182474
2269372119
2133441590
877392561
2839040768
226965743
3420698171
2822962225
4064932781
3017266655
4081393884
139105849
2696273413
3497748161
4183783482
4059439402
2325636665
3147753907
3436684615
3244004392
1993107332
4108975005
2581174223
1633578105
3467196777
1596511938
3581646245
310071169
2592177816
2577413696
1320592130
2446336129
2955112350
4215860352
2794548018
3544574219
3561388746
1579176342
2174188616
3802461776
3563445986
1245559716
2688141263
1566758119
2762983098
2279839858
3077523926
2558866938
1072457986
2219194831
1928140948
2600194846
3676310805
3085660020
1867128202
3472627298
3242482749
749165947
1146500697
150398516
2552039919
281869436
1600324652
239607814
937078174
4035153366
873191795
2186522827
503867132
2796015890
2399727089
923310908
1646558305
2738941810
64592949
2835868944
1527149837
3865201278
3398721098
306226309
1177838071
1863096627
2260388858
4049227711
4082813548
1316953746
3067553633
1657469026
3468780703
140514705
2533821024
954921492
1415958199
3799320652
3169356264
3455592575
4268135949
1771324293
2000078012
538061007
1701613667
945681380
1606592334
3325630761
2890744866
2008069241
1270524242
1988244933
3720006307
2361879693
2592110018
1240071213
2466575191
4166249797
20600929
3318586923
2487526866
662362551
1278118380
3130160768
2922603551
1609447655
2237705501
3115678839
4063452213
4256352507
1495548190
2714454744
2963300255
2435875401
2732689519
1609311853
1133839225
4120805584
327348553
839762746
1325334966
2167961193
4247343581
2073615301
9774252
1528928146
2582039741
2919335430
4095699627
1829487126
1834978668
843748226
2849436649
400966413
3728166609
1110012441
2737186217
2814635329
3890629673
3341408213
2987715393
2165094115
3563309125
2170432205
2342122751
2912123234
758265618
2339650198
880689636
258028447
3310566206
839407627
929998528
2418718437
3068192333
1235710061
616351489
1972555228
4076351552
1422664466
67439034
1993774807
341949722
241800801
2167296135
2559001852
4243846634
976540571
2436336604
3266510043
1706882355
3355735215
2576508360
3155281913
2250465631
3029810568
1460207866
185295918
906952000
1694867925
2197228121
207641137
24017973
4083491385
919322652
4022690480
3239419520
2313594430
1798436775
445696628
1565449707
1941205733
3046011191
916945015
2045127550
3465905461
2306276980
3961621101
1071164172
2784615042
3759564689
182235008
4251528234
620695035
1423360731
3198300906
2394537262
4216410160
3080227113
193116701
1310710480
2363251494
3853754922
1079417080
3348754653
2275380120
3757429304
3917926641
2380374798
3555940796
2925541718
3449736779
2161711724
2831557091
3954550293
24374998
1629931476
3450945697
3470972022
1600525864
1224393439
3966974865
4179557065
4025676012
1209446042
2988323638
2074791925
271057581
2482487001
721457536
332730374
4209474150
3871358285
3704695034
4262201170
638141827
2940372932
4188919424
2578186114
1373560142
1516362898
2540677438
1101823687
1709296985
3049228399
745922967
2967383210
180032461
3328309765
4268631867
3111022595
3325173219
3892925111
1138837142
1073282393
2434559756
2720731805
2561879875
724536872
2696198147
4293878394
4152367285
1268172031
4255964621
896104632
652483582
417143686
2765123603
3512413790
261347096
478548869
3939712108
559200959
1582145375
4291472772
2489118492
2605402535
2163878151
2532998533
847548589
351360206
2736694610
1878036716
3034369303
2631321896
2556927845
2349880508
1738100983
434321876
3805941327
3536442444
478461461
795132306
1589375702
3345937099
151607614
1630284998
3986851888
425589903
273628048
171338646
1303723081
2979110839
3926058904
1363990070
2195061428
4264407067
1704662832
2972518164
2216090382
2084458475
1681876942
2572303946
39192171
365454395
2242923357
3430379220
2028394815
3322990238
3617818552
2496600283
25321608
298787141
1150435609
3777549449
34538347
3240785135
2054760392
3076048052
1515463855
1116627687
838972859
759421936
4162177424
1697570398
1409658088
3026197609
3436119633
1860633554
2055309684
595748596
1119523996
3997305101
417884664
990886497
356626811
3801836735
2876469416
892273464
3002956022
3736011747
717864168
3196530273
1661359023
3800062802
1426727445
2222831569
2870442783
3411987250
2148753073
1283808266
1061732522
3142506691
1863286427
114184891
3925013922
4130931984
1410721450
1970791974
3825775681
220263514
2071058726
2124759394
2961950127
808504956
1146587373
1486388455
2408961432
934394381
3847179835
2404295730
2203778770
337163347
2853808740
2115551234
2414243829
1838427652
396896807
2626559258
2114076900
313656714
4161621021
4095660617
2429691954
912842810
1893695536
2727949933
2105325214
361375724
205489814
4143290947
2423431398
3109920422
1323164417
559788896
566519027
2925708662
2753077335
2334513313
969580999
3848147553
4282835305
42882621
2404382257
2022519542
2808748093
4147795277
2948485990
887288402
4241339531
1095002370
768160452
3770854296
3813339153
4010118220
1904748090
3364305360
832528622
2946689915
2839144580
3350320414
3483166812
3881277149
2353495606
4095133115
3552405846
1200146102
1837042809
1943806977
1137657380
2311203613
1760037033
3801160125
2660110951
1280606763
1132230118
1175945626
2874923558
2318532314
3183574887
3097392946
3075469612
800170101
3470064358
613318931
2726107933
3361546033
902920314
2333758815
1350938391
1562150332
3242251665
3084605291
3726558519
938662147
361258736
1048500688
61111617
2249616162
977765863
1034274543
3350840708
3593307468
1396845406
2912770527
787072319
1197342352
1808531207
1913448708
2527080504
532710134
2761047783
783258041
1429180243
1790903431
1798691664
1157411998
433048401
3527167558
2712926185
2176009951
3574133267
1051173242
3516959015
3233707
2117916835
2418058628
1166719980
3575771097
1249435837
441898892
320385967
3739306150
2772432224
656703865
1988295087
3469521054
1600132619
367674658
3818130669
140781458
469603974
1999889655
4279152606
2968000075
258329135
764276315
3151688929
1580837153
1327415766
2128873682
3777334000
679806632
2537546809
2712107075
4232735819
1556730985
641766266
3326763796
2376016728
2884722962
1999969699
1212510085
2552021309
1853943835
375635419
4021954301
2375690598
1355298079
2792104754
3505574816
740425537
462254958
4078272025
3083091670
2590998995
971549914
1909637579
2202960216
1461974541
1018679865
2232491358
346234105
1190941976
3921994398
1426125985
2481472011
3130928832
288750436
3152322652
2050349290
2480506559
246872939
1605028489
2645825410
41501396
1556384750
155445792
2128444536
745204235
2213050388
2074221719
4232082039
3214811705
3942206059
4237332635
3641776889
99491053
1517045937
4156247803
3988117464
4238967037
273451297
1218866188
1626289388
703924101
889670237
942360173
2467388720
3231984950
1929238019
615317836
1846749328
3275933413
2460689512
2727157766
367754867
1509327292
2846140057
3367703890
3514591939
710963334
2037349348
255225572
2602341354
1382939756
2438915882
2607340340
2491914736
2558157919
1732702421
3393091453
4049460857
2460074831
1943143827
1604202286
1943886181
2667897717
1757370347
1868674371
2419314388
1959374970
2893780893
4118231650
1779541571
810245065
99583222
1298654512
1847612673
2101264060
1201293744
3404716046
2344550729
4290224686
1549121739
1516596135
3205574148
3191516549
1998749477
1327445936
783558425
4241716512
819352798
2718749510
2610463554
2276926706
226911359
3899386014
3660881387
1206001591
727597779
3149617926
1279572910
3946192394
1041816742
2207741849
3857361396
2122650791
4161174804
1716732518
3881177144
79979762
1672885606
4290702218
3047409569
1334658602
2715114358
3642782972
1353622798
1865737705
3177583052
1089626019
3603173929
1906448856
746830755
3600225037
2866024424
1238396892
3779742876
1136922123
3210105467
2163212246
206438942
2803261888
1412965480
221492866
218769081
379755914
398890919
2452950798
2492960500
2849675616
4177124645
356857757
1531723659
3340987287
3215893560
2016796439
1875463585
907135132
2476889020
3944892129
2493591406
3726632990
3608280387
48041951
2684038649
3940077185
1067323270
2030001967
2174887832
2028537285
4243946764
3170963209
1104842016
276299566
2550008353
3485688579
3278939395
3753589526
3643156107
1889335196
2822296361
996148342
3364290938
588031561
4031146297
3019173126
1402724036
1904827131
3718786327
2206046971
4127565659
3173713187
4079151745
2560491965
1420820027
2416350094
2566988308
2446609509
1364538123
3536918874
4173896487
1339429136
291100105
2244100952
1497946681
1593261105
139265315
1829477426
3939876882
670046014
3089399510
1381306469
255930147
3058377139
4065445935
59658504
858629158
613198417
3161137548
1866582742
59380034
1406243922
3517322349
2283726638
4121978738
4070433665
292241425
2789205980
2966421498
4267229703
723099358
3491482482
810798234
3592177805
2210693184
2249597118
3488066509
3481939857
1426501540
625383295
700362869
177656371
1650640737
2227848068
3747906827
4158213690
3711112211
1077292631
3843668762
3345705364
2833551673
630451328
2448317846
4256791318
3816143861
382797636
416615907
844518041
1721001880
2836124898
4208903008
2595198467
2679232567
615233891
1989833877
715103569
1013488332
2948740575
605553560
945769533
2382670471
3785569726
2040903708
1799250890
493005093
2757226974
715229607
1012257601
2539030747
1512986094
2404695815
2315503842
3942735872
1241634586
3876799374
4283119706
2857941111
1494942994
2977632319
3206451736
2584619220
2300041695
3095605521
3266119127
2558050431
1300891674
684870986
2664315482
1397234579
560075608
2736691711
867167232
1375962235
677826899
2066649560
3546304710
603927398
2631680946
2903123694
3075036423
1887339309
3187075328
3564544402
787648322
3350379313
271417660
3404291663
3283697730
2091170582
4194960808
733719109
1381232849
4245054072
450853388
4257732950
1606658500
1295276501
3533962244
1931395642
3401529221
1084613679
447175323
3382824731
2677596371
299658694
3496270279
3363246736
3599640023
3451185885
4064752896
1403257346
716141733
499629780
221851606
1867763132
193653118
216489497
2415316206
4060772605
1233417644
3177085097
3299914804
670956583
1146929607
4120306542
3841558105
4079084507
1115236533
970896978
3719254652
3060371837
2663962262
3527909370
1704225827
2920126496
2148391594
4218642575
1543345511
1708954042
1324155202
124085858
857990348
140009191
864624152
1255446410
1745043728
2950610198
3494300684
2184716270
4268952289
3891182757
3246123968
2323376223
122542761
1295067537
841819053
2533179807
2611056486
2609036955
1859662686
3678168162
349883146
1659016934
1744310288
1898537893
3897457927
658443112
3783034058
2652172422
3761457950
2130848219
1152650574
4063605059
3402476862
350280151
2491385397
4155833067
1209319472
1964236481
1985020670
1794471139
9993516
76181636
3518643740
1620500534
2685264381
652927587
2586433704
1376987541
589086514
2807326188
3832427848
867694075
2635262551
3562393389
765266849
1090637691
3768501815
3522201251
1159232288
3569143139
2996792040
2724207088
2485192593
1506031743
2171486924
1363128751
4065040042
3517790655
2624925276
2204257194
1733894712
840722128
1537283140
3885988921
621001499
467669208
585736405
3582068177
3060554155
358675984
257189570
3060362689
3755219282
712418305
2968224459
2306521722
4277165005
3211510681
528696542
1018447066
2474396311
2181058489
3644937927
3158908633
3406399205
589738465
1089674655
234766342
2713437899
953143166
888469244
293784355
2857433765
3717467836
2042124203
3580385182
1599989307
2032664333
978162416
2334318652
1012015683
322730178
3152557149
209553608
1959921179
3676048367
1102804487
2778573095
4119261895
2546044707
2129800852
941953002
3310714629
330139829
3068555588
1939131061
1157396977
1095890127
52855177
3369154468
2736331675
3780887695
4283473167
1445117309
450703679
3665537438
2837887594
602505685
3187937736
2940398310
2048425852
3276063501
542707059
23331095
2159496595
1298241874
1140793346
4143894911
1066263648
1109413398
412436731
2164646905
1209627901
1521464809
2106638451
1859149416
4269258275
914762034
1962124069
2999679539
1374605986
3574637285
1891525491
2940701300
2273095970
252674647
1746623015
1926296711
1045423248
306234684
2976969532
2114088286
196859413
463861332
3323934542
2543867787
946730071
1051442491
3261174907
4212906566
123626163
1801930328
2003541729
1801877883
3614157618
181461404
1006610899
2806517523
1576456461
443251246
348306123
4240804302
592524441
2233478521
3321281168
3855127917
1716371617
1186120115
259801623
14964586
662593582
666706130
2146260027
3311268131
3596850164
2258857203
4207451587
4239314676
3001869602
3942693825
2551837889
1892832750
873343007
2198724415
4267372523
1167651583
2704718972
2777372966
3954798816
1582725335
4240444383
1372002980
3121406093
1548758155
2518767988
3481759018
2878862274
1471570027
1201163977
3107300534
167179319
1117101737
2418139556
2324402829
36937593
1876587367
3840289034
2761314823
2109201775
3184037022
2554140140
133609324
1886353080
701734119
4194519727
2357998179
1262430763
722080951
4086811501
3051628931
3806155158
3622399427
2193676689
742717091
4105144955
3778747825
1877890224
3464629468
1741508977
1103441758
1151054602
3761165541
3202147664
75771342
2627899674
986265960
3416958661
781294100
2973420092
239290352
2020796853
1053894446
2742718180
169798356
3433566092
1408223202
2222536328
1701969207
3224894581
1670103353
1968515027
654762161
2935324348
3332816086
1278138807
4186479442
512012730
3892363853
3355714812
4025356513
3717609272
853684557
4018115622
1318825932
1630901810
3743813949
1870435875
1720696766
414428545
1520729930
1937327127
3205374059
3294952371
166591566
951081781
1302216460
1300293797
4071659346
2057643146
403498522
2876267335
2911157535
3047661339
1189161757
3863163724
618832829
515264676
2517932531
1717201358
536638984
1733369245
4218225100
762224557
3958545772
1935409045
625032856
1883577109
1156346089
2407414654
2544772695
1393290359
3053380126
3399454434
3577424637
1643373522
2734923463
3519782985
1581906353
3733043680
1991445298
1324905611
3476738299
2577741403
2050306956
309851131
1944264769
2330373571
3699946118
3221559764
1536172550
2629865524
2333662769
3054358374
3413550072
1309874564
3703538793
818380718
3282422774
1421684876
2129485518
3306601650
1513567928
1964956632
3378291159
2396883720
2236803491
2623967208
3750119249
1985839048
2517181655
3513546915
3443190168
1002899383
2635501955
3593136423
879959099
964856255
1320649824
2021407036
422036457
2360580708
2938017503
730216689
210055438
4195336849
2140655585
364655616
867387816
810848339
2696786375
1938833247
2089826671
2142371774
3943923623
4203583395
1905297737
589924187
1163681775
1453059738
5559462
1509929507
310430507
2192623490
3036577557
2785795007
2101289795
580724807
1295569959
1455937241
1599550050
304744834
1047562016
1935457813
166845333
855907018
563745186
953287434
2915287888
269311941
2952583
1204991860
300769193
3736475370
2269285839
2646142042
1463685143
2490615145
3841208636
1440740908
3398353695
2292256756
2145670593
1776042623
462707722
2192501072
3090190416
153367701
3273657211
4068101532
3388387437
1707529971
2781293854
3888915335
993605515
3173372192
630579567
841484041
167914600
390241327
3103313976
4162852593
2746052137
2413185780
4249496334
1456478324
1887350637
3815520668
1974061743
1327531797
3355469844
3820649554
3828239446
4223495121
2230357879
2723207439
1235200892
1629722736
3070914068
2985591443
88434379
1216803632
289737780
23504000
546232596
1314397409
1034889086
3791438147
3547803302
2425679609
221325700
841260502
4103450877
4087076629
1220749960
3345665889
3406745869
2008329107
2647866444
359803048
1422912813
2148769168
467859037
1600629959
4122685891
2704706113
2914177477
2762277024
1924604898
3372887038
2084071376
4122935570
1741592818
968868086
2393795206
1513985874
636975929
512656037
2986978172
998556339
4098704916
787190939
321460518
3057165205
4091326449
1025083759
3850244751
4016392346
261316747
42664508
1390037201
2296954527
1129702006
1121510920
2689750659
2784998481
2444218884
2050345049
3196619726
1975019464
3597730844
1001252825
1387908108
4177378804
3790404422
202519962
3330169016
3351816455
929406854
2352427274
4154938161
3008980298
882170271
556961826
4160484282
2848683484
2802425380
3554676351
395150687
4232489840
3382964266
131269837
3563101147
1482831180
1833628899
1981917415
817834411
247931716
1332808111
2342990852
559895129
1997368742
694704350
2950340328
1201527714
1210344164
2149962166
896704165
2600745958
964249169
1305429854
2995104566
3207551217
2079783633
2741396673
2509103643
1419546223
2862269591
3901120319
3937191696
1507801540
33109548
2340741876
3818680354
366281018
336821346
1472981954
1278552800
1693729516
3358742134
3621054032
2374545466
3511704675
4108904056
779995296
3186543193
2835348012
2458321801
2082882367
2950371248
1749407063
1095330850
2463210175
3594089174
4177444716
1800209394
1096182558
806258278
925091770
3890745259
780097555
2957426213
2474826480
3823644493
2390685227
2482837895
835189524
1291525063
2182816608
913859957
4066081032
385226232
4014527143
4106322505
1503443389
3695594385
1756660133
3511406526
587173922
812664302
1503886657
678939342
4004458088
2293947460
2389728890
328677036
3156172114
327121935
501743912
3263813447
114759216
248425127
986571141
171260767
2952809248
3327494938
3038633663
2689930983
754392702
3550209959
2751943500
28799610
1434264418
469559715
2121517336
548779851
3585235121
3634737186
3303624890
4115617128
610582530
1166338828
2177646269
1243418228
195927931
287030255
2885064463
1700512655
3666305116
3257144650
1329408867
3215387748
498007992
2309363062
3864974772
363939782
774213695
2649499745
2332585617
894159053
464568748
3999315490
463008476
1904482172
1518162038
1862687225
1578899030
3181995001
1147647079
129895179
3627989549
3557910693
720362121
1844497246
3395519390
3192614063
897769105
2767211648
560255468
4129481652
3137254104
2431377685
3873822111
2931359574
1293663537
17272535
823515146
3909793677
701976594
3884708136
3437745842
771956880
964041977
3283910227
2031652636
3839195601
490228344
3574911031
2507783760
3645638443
419197744
1506297635
3337599212
3749469328
3435476760
60041419
436624229
3645100907
2630335399
3746805431
1678792299
2274150764
3824589464
309657578
166146397
580685855
554942597
507309219
2663778702
2872227069
1039851352
2923063464
3776557116
1775824911
386659164
752988262
2923403833
1760837820
3425475728
665027683
156378180
3778635037
2379001597
1475544411
4064007165
2561894508
868476594
3530594671
1593509192
2384884907
2466321043
989640092
1409420538
2344465306
2738825486
650811139
3758805495
2982397638
1592624504
1179517100
2130696102
2694411595
2798130772
1115073972
2428865625
3381979724
523648017
2199151526
1216093549
405667622
940659014
3924673347
2859577846
1140149040
3292246942
2449030557
3203434166
1742868269
3324101018
1709521790
2982200439
218907798
3346399544
4261726184
3237516407
2608849502
2976944878
1308668595
253892475
3660092680
3875221940
2797582527
1214958234
1561234178
4063981380
193972733
3806685279
1468818177
1514734333
2671971096
1012729869
3134127253
2311844197
3116799570
613561332
3796660404
4045283858
341507307
2230890192
1163714534
1673028533
643715630
75019480
1103732488
4086199155
82814163
3566733769
1061284069
3343799004
726034103
426339578
3766260835
2200770918
1853461852
4099100626
1328766106
292185477
3472810701
1120851961
3696950410
240690992
2351062942
1256545807
4198411979
2305162334
1683458265
110811779
806621588
3754009803
3186535650
1441345360
3879278622
164182181
2482484097
769085045
2080478418
3791007504
696272343
2826874175
3237746164
756929012
3665750817
3098869221
132275035
1812046561
688424529
1715749861
3898947420
2425473966
293843958
3172578278
2819784542
4018786272
1737741537
2208700290
966413872
3242599049
3069481184
1481436076
2516966531
962487079
3307368507
1067901191
1989956452
3074520013
1966945080
3060939028
2413441043
87665850
3151814484
2528022470
275703834
1534248652
2630940095
2590841503
4111339066
4142568109
1590980592
3263284478
1459445920
3924812591
328081973
2458077567
3416376378
3617739640
1386390794
1093738259
287111288
2414929432
3447249404
2351268496
3093177752
1361657932
338515415
1734391148
2059008106
3548886457
2198257439
2851900705
3932033430
1338387812
1326350786
839779937
1077770886
1165936839
2337379509
1036339665
212899928
3273682530
3320902575
3522959724
1869327
3020363334
3685245856
3143174749
829423748
1052508892
3803990326
1761760375
1653366277
3304644879
183108882
788247103
2636438029
3215751421
2819595791
36587016
3281089059
42848403
863989356
684226230
2614585013
109129118
435413519
2277957785
1410155308
3131523240
3254020418
1965667547
34704747
1868891763
2503875827
3194074441
4045442831
2538442789
4251572470
2695115393
687484120
2020026949
307109621
2437797143
3082888693
72593065
689458248
3794447808
4066911731
1035234004
2572689812
2100105809
2189042995
2381453981
2928565407
260413360
666386006
2997571371
1155689437
1886662064
2461481790
853372427
259285916
16832781
2043666083
497622324
1032635957
3167488688
2009061319
3882286533
422736383
864609232
2283863229
2709160792
3441361289
1291497542
3400685289
3648007378
1254806021
1147335997
1285368315
2961439448
33780456
300280714
2775799918
2545443758
2511616147
3813045017
2209228373
3427399100
2216609336
620171041
605605756
1678358442
3488565671
2988084688
3633920836
1288020069
3702510036
604606615
3301166566
3598755239
98669495
1676147073
3541608881
3032713939
440163387
109372558
4294023044
1639798086
1152885379
1602960200
2763884506
1432413796
4257872306
102864332
3325282335
3139675253
1224708593
1967744969
3229216195
1629666850
1774455826
257769943
729396295
2330198588
2815284619
154011280
966935675
447891150
2806489743
1952603152
1703264171
3292611829
3560620952
3830045452
1487071158
910167786
3472641794
3082024522
1993823473
59947782
4290925194
2866227897
1591142086
3308892605
1402843457
2797463883
1072224873
1745885204
1247208152
469009540
2056123396
2635645273
991621476
3264537689
2927542705
2775039225
3531286809
1300222347
1099462781
2291472095
931489380
3000482314
1643520190
2352354464
2592254873
3374186115
4172790172
2837647035
1714181433
3472804311
3116460856
4267361037
1264337160
4208406157
3622076997
956586810
3709368341
847874512
1763578402
2051615868
1115106141
2334862006
254712906
1689029103
2548746493
843359422
1858998812
763388620
3326591395
1214033424
2075029158
155177225
3236815448
3845942248
1318171996
3784631134
2262758697
4112743954
1597211470
43889631
964566763
2735725842
3479453311
2945007008
700648485
189041783
945241095
2451221993
2050843228
2575111117
2042101450
3235359112
1845471989
278303591
197017869
2154952912
2945558626
309819715
3322951066
2920955536
1454311671
1321038341
2602284136
988720137
3100479571
294646343
691441718
760843753
52896004
1702327507
2237960708
3041601826
3164010305
2384810715
2260840367
833120628
194764613
2221532994
4038990396
377164072
834257621
4223131434
417360185
3482645913
4194797987
1978446176
3992956142
3613181575
1643339616
4280355254
536350027
1705682282
3250558391
1232590404
4023646578
334236159
2981924284
2492359306
378063978
823989453
271461317
4203367696
2124205314
2634125410
80386252
3271397458
2669995144
2677773279
1130939282
121353847
4255143992
3824887208
750053736
1425533696
1002287183
2977395071
3579684942
118547458
2672405972
1875598516
2916502588
169747904
3169793298
825186323
2417549424
3143576808
699245637
1484409726
1951614982
4099347101
2318595099
2655991121
3936348662
898713839
4214705394
3095460779
2584077119
2586316691
1626965841
4030480216
889468437
2651209654
629686044
1865085973
3891533086
3180102892
3731574563
1761999739
660070908
2575537646
720555534
963087259
3827654651
1222654003
2223055041
351591264
3471042839
1456579963
3180438177
99725353
2975506628
1009275863
2587188439
1131313940
4132600277
4122730584
473910569
2849049159
1798007176
1725757677
64945719
4290394235
715861349
984353889
4292898074
4219444475
2828713111
299451114
3077612912
2510831405
2251613564
3942167965
2457883772
3809343396
1958865869
670604705
1401488598
3238855822
653099513
2782381206
3088955493
2976966312
360370501
844892944
3580993594
346475009
3345521532
3866286246
4153008847
1554686817
2918399570
4103157142
1371447595
2659588413
2400603445
2308262823
889457475
2840849448
2945294455
3924924307
3833338295
2888682912
4269272464
705670486
1576543950
2746165170
1262806581
2706940479
1451859392
470144447
280396921
2336472894
3442408605
153035698
2601877449
1881491407
645991562
4287816121
3616599825
2640237386
2019761165
4057984656
1874392752
730216967
1345360453
3484480521
939460612
487506238
1596457386
3641214806
111877948
3812445469
2612212269
3759645619
2529019793
2869306981
659233646
3834513597
2563453539
2724540010
3891795816
136102201
3432191756
3439045476
230633860
2158464243
692310645
2311897872
4182591297
821761667
3298571378
266091346
3518484948
3615971598
4184351607
2905677568
3839877693
2897538731
552269872
255094327
2349667368
2709112788
3882834155
2860022740
1888035223
2650354622
487079716
4058661096
2046856379
3420457821
1087104866
704537757
2780182501
3055418701
2999292718
1305136389
892922454
52971852
2152647360
810024150
1660247982
2964559989
3054464860
2684214933
3726298009
1522325370
2977968531
1460717098
3748979469
712348129
1663079785
2037423569
688481204
2624167910
69718612
2600064859
485728432
330246605
3774289358
688398615
1907405566
3193050254
2945768647
1523193077
3465669276
1010038924
1450948309
20575837
1773442668
2720618851
2925919109
1847071331
3900754861
1511458709
4288346309
2033951020
764462997
3188606009
164500389
439149415
4034407852
891911588
1401467542
4143913718
4197191223
1939030820
203107766
2677882583
1301348894
572235653
2028237303
2911650683
1124269589
3838957312
401470073
4215800078
164350335
3612406533
3454090583
1998446452
2269073405
3936542560
1877996282
3642618737
3689423607
1388978236
3527028837
347097222
1126580675
2356173497
4146178749
146468555
904300725
3380467794
1965128776
65066153
1880498061
3086824451
4073630823
3343982792
3908396420
1474353259
3364650944
1045865131
3866665847
3903441352
3523860894
2588195585
3240209920
4238336051
3155034586
2519907244
3428861976
2382834155
644295875
3232140365
2255624290
949207361
2982954855
2607541737
3406572538
2037572943
1790122307
549377381
1167984004
3443824133
3927512945
299228964
36132581
4284054224
1133584916
1230922270
1534927806
3859924023
2554824413
3735404840
4263305025
2153145126
2976126278
2458935763
252899791
538116190
847883234
409894759
4215038138
1109856763
4190608741
1941858405
3561005283
766735756
2866087798
2258776373
556100763
3745609774
1755223915
260792262
3409461188
1314699893
631545561
1966741695
1654374712
1491640545
967346183
2956981570
4078650128
220756860
2094564543
2138514901
4089911387
291582797
617110664
1209626729
509481788
3458551797
2572040374
1766184500
1623744783
1780142837
3413836067
3370445508
242267845
2806598321
3995710250
3551236425
2497110370
188245042
3701735108
3989854508
2658216190
1042809252
3863773733
1137726286
3997891490
2982447466
925985969
3641598759
3788530947
1445425466
1332093383
3081428494
2501362826
165125319
1313347053
1845220952
3336455281
2080792708
3700600151
567204878
3768030480
272497441
1310500956
1611569739
349523447
3584001426
2115777775
128523665
23286835
2290215308
2618880606
325564158
1448537658
2219485225
1412719744
3842222132
14939810
399148070
3708453776
2893799711
1333943057
2698695632
3943714522
3825544775
3486547283
3404471918
2733254851
3462713769
625388138
1126090000
4110633351
3624896822
1157349224
1410980344
679854866
3946529545
3766170920
4020021162
2150038511
2994915622
3277747470
2244822942
3044626667
2637743377
435641334
1999765599
2847663206
1042222911
1417266052
990275330
920717693
4261113557
1408769605
575319254
115088898
3849005445
2029594395
740186970
1179574835
3204404998
2852579349
3803412316
4132594817
1072201388
3513369071
115999685
3180687951
793683586
3085791026
3687355793
3699818089
87886676
1836761241
3186565966
1196621297
2766183028
337154536
3987112593
2814691638
2347317296
418983731
4211242507
2908967122
4145353691
2754988615
993865105
810380502
2305425499
3828215920
1910338531
3929578632
3906215132
1694841249
3086532450
209682966
4144359871
2822901014
1829619212
3190568474
929500843
2569789141
557928758
3184481224
3250823123
632518231
1065367802
714158919
1553243427
984920899
2784058421
1354886776
3204033467
2599744513
3647850356
1658747179
739982882
1601386715
3900776822
3265200253
335450944
186337057
918909772
3226212734
831021865
2629497277
154568044
3845255315
3450775898
3225891772
3591271744
1996132261
1599575957
4161483104
3320667463
1365824834
233837400
2515364248
126057893
2394647210
1372090844
240212567
577619063
1535909827
3105696619
3789942425
1735857633
3034899902
4097730498
1173030634
3932562101
668184287
312655441
2792118929
2906095960
4201164079
3044797045
1638736341
1411417457
1206388184
3472226152
2018153852
3846425977
793701526
2199929807
2021310363
80845449
104544627
3720509514
946068691
810869724
2053416602
4155053103
1739197378
4275999531
2370426364
3639731993
1932659981
179455213
2229077077
3998799933
1531748693
1745015714
830087230
2965728367
2890061466
1641719461
3378816761
2291776662
183348751
4004829309
1971307690
1697531168
735792125
1488549675
3464954253
1472370014
771113616
290754541
2940725261
3704622677
3286588341
925364323
367574783
1888739324
989341513
585420722
2557561176
4273079632
746813655
671643268
3568206979
891796612
1521657953
3322646873
3972623448
1398760782
3968931046
3070345125
99360438
3130521836
677307306
1455972501
409790808
1238009140
1942930605
3163523972
3184286253
4219081058
4023040738
2666991479
957950858
4281937357
3818549490
333913174
3212096793
1236815391
157369021
852273742
1903192119
4118152753
1069531478
2108058317
3489450271
3853376277
1580612252
1659816462
54872768
869606422
1110603899
993369829
2079135170
3354770419
2986484544
3573143978
813005233
2911039475
1227103413
3371160535
3276572913
53959115
1819816433
193115222
4066743156
3098863512
205502504
4065174673
1858816286
2955155917
3284592688
3876076492
1447189264
3202185698
1888843526
1239017278
2467890931
1370860668
2110902102
2258464195
105099838
1312381091
2572331029
1359761888
6381579
2288089091
63107471
1112833750
1999324328
4254071624
1332128591
3284297556
1693624612
2800380947
169655525
453726965
3804887277
844628102
4004194984
2507142819
2273364855
1427248691
1076204315
2969052300
1985917493
2370106708
460001992
2643789
559807738
2049592163
759572413
516583000
3265292516
1147571081
2004976231
822642086
3840928350
2413260967
1051010743
3364640258
2507007774
2257916084
3983647899
146719806
3938740353
1333169348
2860698380
3022670499
2381765143
1875983180
3903651134
1847940165
222483228
1283123519
187154165
3884831905
2091727644
3989984555
2597445326
1503175395
4196478407
851089512
437980532
2997281967
3427397474
2526841974
2042346132
2670723400
952643924
2254794716
1680956863
1130967759
1361100642
1131464142
784181241
2263369903
3675595715
4199089515
1279305798
3412093061
2144672031
4274209802
2108457147
2781588248
4226909925
3445388876
1901293959
3377278589
3257218841
3221322664
356975623
3682731791
1868874390
3588565388
1660500
715417437
1882986892
726645001
1942954277
1592215284
1745310786
3117677395
1626769562
4125926842
2680581101
1077492352
3598825555
1396877881
1721288275
3946523520
2811723159
1046811715
2148559953
2858561347
3002867460
281707175
1057163786
947862358
2184176477
397223932
1261626276
4086673272
2841338919
1725234944
4185909003
566419896
308331207
1896979333
3885879134
520818392
4272262389
2236268461
2707219247
2145341304
2824225484
2859865073
3933072982
1545903521
3202190955
3619931604
601750000
3559879379
2591948282
4258782627
2386980031
689304380
1502595145
1393143295
1649605453
2256823721
452916921
3854899451
621169963
2572695597
1278540
209718733
199165153
984988179
2339530111
1197216976
2644718224
793833174
2185278945
4059098214
2936643429
2653378083
3641980062
3186223982
2579047912
2612332075
578046349
3628437749
3358642609
3492175505
654616380
3981542451
249646318
138735816
3172490881
1403716151
143466691
2289770463
2649321820
2813399629
769613190
4253620679
2162714227
3706223382
1104061412
3840855556
824816998
3125152361
1078829077
1064799677
302485353
1817652335
610139979
511314736
1482674817
2483314690
1243249516
1841231032
110244560
1842271623
4175294325
1151388649
3280842503
1959409214
4067983581
2968629680
1960137113
2228426136
2645578110
2431045265
2103846202
2701066509
218028898
2685443605
3377391600
4051710825
2704199941
3363336827
760071644
669266297
4254058791
1855103875
1033778833
695851587
1969286158
792245865
935087
115446059
2243765532
837175691
3389683830
3251704956
364763523
2283960578
2607043444
1381044212
3223744191
3072509598
3012046061
2372240833
2717637615
3196466382
2735244537
918434141
1698596961
151518419
112083429
1765189259
3542315190
3842090
2815090759
2443485262
3940954944
3923670599
1896004010
1276154751
2538886185
245796511
3726142593
2551966481
1368132496
657429219
3957745810
2550568053
1723474139
3084341442
2860485598
2793315017
791965652
744128016
365768579
2458677711
1615049370
240273421
242551221
1982746215
1708294891
2864612585
2874809261
3312735401
2725415247
3827958272
1323507789
2401367718
2756096217
1937392780
2617172431
3912901841
945673629
2163349386
3805538056
1671025937
2187079786
3014910224
1388751936
4266802049
1724141893
1960803082
3820270890
3245549790
3664810081
3143315285
3150809700
3637868162
4112063298
1257527985
3948007113
972398678
155864434
1404042671
2745592894
3098163277
2070160463
591603562
745468805
2372015687
16287450
2241798366
377664355
1961264460
3827595958
1135997450
2133824856
2380367913
1767342639
2951741962
1467136848
197940824
2535947509
867239725
4054137881
661725167
2901995467
2378552868
3334937851
945913010
2037167251
2758955460
988095463
3736880028
3829226296
450068152
2589419484
1642411381
221954551
30150570
1503016426
3723261650
709382567
1528382060
3613015745
1454235070
2336348953
676695390
2332442922
628603811
1677450699
2985007982
1225137863
1755542853
858035816
1782404642
250749602
2332093512
3378818978
719781711
1485764575
2158449531
2106347083
4091076481
424902722
3660218096
104658781
2909018612
2173622806
1093327993
4087945979
2212587947
3061144598
1661405860
4053946076
2902380409
2937344445
3190344168
1312188201
4181804324
3239083806
335118868
1828918271
543999245
2114415357
3028248818
2888777361
2381212662
626932184
1870248697
1407792772
1593612761
525103251
307124757
1317884262
2432812164
2404708080
1757193292
256738928
936851712
1058605208
2026929049
3759139079
3216575946
1098675458
2091937110
2737733177
2052037532
2293856453
3537374891
549017505
3117220645
2904177856
2557568170
1768128090
1353707570
1541976597
416704467
602710250
619748205
1410670558
3444938364
3666730274
2398954534
3399228968
1225129089
3089919482
4026010219
2621079532
1765788825
1964048467
790214383
3943861393
525943370
2096669023
1973150723
1282664742
2789171804
2203844514
89267334
292053975
3878870768
2049193828
2442607332
2559130843
1530006206
3866978170
1534137902
2151031241
209670818
3446318394
587161921
2789802232
2626781804
528977853
4061704728
2583994335
4018462184
497855320
3137945924
282680375
3282806557
484932878
521516577
1379997891
1303900046
2241059487
3992351051
81725167
540851636
677150312
1967549013
2246453820
3770614045
4233308275
2303753119
985302250
3826241830
841042472
871007373
4263999872
3685567643
3927197890
2879887178
1019131981
3466834312
1453325541
4018550508
4200234378
3432679148
319290002
2556755382
221771540
2942850696
1286240976
1320355251
1294963443
1373408522
1844457520
1132062062
622062638
3411527537
2853534354
1939670014
1712450382
3113295396
3306322429
2879646924
1633525967
565182769
145470542
2783096420
14093291
2347576702
3343913076
3526473278
764478240
804998458
1551307206
1975540667
4132990653
1071303515
1846147417
3392911370
2987703443
3006380914
1738622737
2574520837
1430241263
3867731604
3214913396
3404598234
797565200
2520943592
3266227880
747050777
993766788
3808928423
3905256237
1821500636
99916365
3440350814
3931371533
261320012
2491847091
1191668774
3354038698
2453606764
956669511
4035199841
3728020873
1989671604
3461808285
3341659032
4038182740
3984011145
3108245416
1772577417
2196346632
2365421518
1497020910
572117207
3074882122
595695720
2448652508
3692610320
1151296118
123459098
301776961
3245785667
3872096096
3008121791
1935232948
851048338
1734728228
3922749386
1284646721
1821920810
356540155
2357419374
1926677131
1310186789
4055235697
1417922764
1387928114
4179337000
410990446
3091052563
1296262657
1570215323
3821387023
1626776661
3470586427
3119549503
2696618697
869923380
2762032777
764453827
3309012174
3734106748
2319711348
291960507
2034386109
2423071299
3404059740
170042405
757788244
2266018767
683340585
3490534831
75510910
4194860582
2445085689
115319930
3673797349
2329587728
3867669143
1502978258
2753428453
4181740655
2377756480
3026013866
1102704438
3668399886
1039987662
437193317
730694091
3336741918
2601456124
2617648106
4087028938
316778980
3397637414
288290683
2189692060
3419401489
927844958
231978723
3159246855
2297720443
448514866
3712709903
2181740079
1952924617
2647580585
2721081586
2025992288
1644251409
1757577963
2203278247
1582643308
69085646
181674860
968596989
3207673816
3318347699
3327882561
972088122
1133204302
4014817561
1760830517
2683944362
3410458600
3013543262
940479286
819756844
375035997
2781038762
1544651600
2981130003
3744399084
395837345
1878482061
1319854177
2758444866
4140156172
994635685
1651539140
1663083735
1943997993
2981064232
883475269
3351182426
1751125471
3525666506
3854654751
1079674064
2104971710
390534821
3526133183
3256303837
2164663353
2660701793
4026629134
384191387
2149522487
363248686
1930249657
3080985760
3401178050
3612511089
1424634076
2406660035
4047746678
2082977307
3496458903
1463750274
612364479
1859660348
627194142
3705415673
2570170124
257513488
2053005364
1468963773
1971309209
4268676721
527686273
1712027370
3786310466
105593844
1752077330
2531781249
3308783183
1494197018
1996432793
54228506
1855356571
3106425005
4076030855
1530061617
1952231167
1099252131
3576913217
3865342771
2229393297
895004504
1521162596
3205921140
2189589905
1332580350
4236962206
1206748685
921078099
2777759007
602879900
541143573
1909288820
2606933955
1035584474
3007040286
2372343457
3942549850
1596379251
1633169067
3367360822
2343450934
2674903391
2840237007
2855006884
3622906458
2055499847
1004351691
86118088
3180676422
2694730638
116660465
2354931971
1878226334
1155956834
1980453308
3646438556
3623365466
1209569763
1467008887
1175566202
1939331681
402191465
4025735665
3099134091
594780364
4102288210
189489836
4127042887
43815477
266635477
1866489453
1629497503
3747454140
459350888
2301102759
1862676034
3999814050
2944279735
1724121309
3889072663
2501629825
1392980066
3584673812
3156569871
417255965
2463641097
2001360435
1085432982
2970572595
311972807
839876276
5202905
2959601869
523369655
3855752710
2874729345
4241361237
1503161186
2493662294
3968797384
1332223511
1213004421
3005954251
1359569724
4179544194
912964821
4146442628
1937189219
3795854177
1471651812
4160712762
2663188979
3218539790
3456492875
4140732906
588061054
3539006933
3067687110
791511218
1833895123
3009062003
2952197249
1085941081
3213189388
2437303506
4205527699
3701106650
2629186052
1614722936
3607137426
2556365393
656121234
3072461112
1147418935
3539201367
853563094
2318269405
2373561005
2484291008
1057868914
346093199
3815075892
3833192501
3581519877
2592601960
3606714516
3280614601
2932596120
2946232722
2282420905
3225953606
3200895924
678950618
3738696100
1108763725
671616484
2010903612
1095597053
4213879049
1921370169
984741524
878879889
2394708923
870792405
840293164
703820690
1249038927
3772570624
599604427
3028462985
3945197129
3736302997
1822880459
3374536701
3255335095
3895863852
1609949529
1081902555
1289806088
2020142643
3861329164
1447300566
2010607613
347362222
3024809454
3813441318
3299799359
1871970371
1049998395
3033778471
3713749971
215881443
1420080436
1881805256
423004788
3184016649
2289918266
3515378839
3449676762
1682032654
2348345922
2428358400
1154744325
3031113260
4085318716
644076984
3832946731
2905296195
1242718562
3599985533
2873799509
3446979155
955894882
1075866005
3062073746
2403862086
1863051779
1532131307
3490971961
4149299199
4281445305
1320382333
3149549341
2661247137
4043781699
3100340433
4184823215
1741902609
4135196447
613962393
3217265712
865970873
1837249200
605121615
2734133334
2410565783
1940895000
3254843001
311868606
1461039117
981383732
218021712
3081118471
1680775213
3704260793
661466733
1764343631
561707607
3204095405
1906499402
385421075
797450949
3287492362
3026130501
2662600738
2263506164
1937885048
856799515
1828856708
723168286
3144363160
3225175942
2212327248
2833062292
1588369237
2929987433
3926644450
2146688150
1860179989
2778001516
4053985341
4079104172
4091068388
3239089368
623297430
2918514980
3555001737
2309708071
2624874537
875449893
1114367226
4276138645
4064903346
3925594287
125626763
2203399269
2577817645
1474196759
324275895
923448089
2364548754
720192789
2828192425
2503441975
2763103250
3796199117
69284727
2875602578
3527236331
259266143
4164599860
2774512024
487597804
3044974076
1566212047
3200084379
1159721168
1674722332
2865340622
3491193081
3958956778
1550157021
3218342135
1369873720
191681830
1169558241
2675744185
4239881812
686729946
3968096511
2204391289
1663326323
1631375901
2867102241
1645882609
3891658114
2797823283
2224777231
2497083255
3403695728
2294564746
4255386466
3605676949
2148520438
2486802547
666306285
1383241015
3961560454
2734927944
1887210951
1888226599
3776914983
711171799
1044332411
2007966971
1127688462
3095895681
2051551736
3788691862
4094988429
1534788218
2142450458
3798696787
832039595
2105194126
2735416094
454922050
450210954
991200935
340061652
2869198923
3892373388
2679316301
484377095
1477188093
1421545267
2313303946
3814298232
4202553417
1515358765
1433795773
1449567216
174857289
2567591453
3706186120
2235567304
1615910562
3559073699
2506911382
3901253454
3167872117
3236869760
1390047093
465202767
1810476038
1519241081
236485548
1874703834
859689271
1382068518
1616997228
195221104
1208132350
3981478639
4136418898
1100125575
1568696549
843781115
1675263704
2215039942
3116442092
1186664934
874866350
1969853035
1866099389
3457910032
1641053829
2271119207
1315346444
2366573001
242007764
4271236085
3112493492
3691383360
1761405835
3149052023
236754554
531079518
1461048278
2242356306
2482499517
3501113538
3122332781
3911268614
3704946082
399873964
2102274209
395611148
1616792935
4135897404
1177405135
2951110318
842113978
654800514
2332204972
3155665331
2856289028
2705945948
537800884
3967496379
2679051594
1462165050
1678928837
293500091
1487238892
4244388548
1663033616
3421349654
2048262355
1738033232
1476183469
470787713
19164368
816445119
3643063965
1771698532
341828673
3654294966
166061734
2327709618
3455168478
370067869
815841342
4055764073
913395477
1069416621
918604553
795967655
2262058418
2790186297
1483319857
2131161939
320625914
1115008313
458649146
183372414
2742764090
3111170840
1822461424
4002416682
1873495407
1804354715
2130375910
1808676688
809816648
400054311
85974129
3321319840
1639293108
758817255
1779941072
658942817
3082846215
1470111088
566756630
751158900
1763568376
1746759981
3539697390
2730470011
3382245147
3591354022
2756823212
2417508271
3132611898
954609284
2398430006
3763785550
597410874
2522066306
3277232225
1334363341
2646960599
1993239800
1773258240
2062158235
163229738
4026364286
2841098720
3694863816
1246109444
2494654207
1643718385
956973423
2632576490
1978431399
4170268537
1142093280
3218841326
896356886
870073671
3685887085
2940850709
191675281
611454631
1896658217
3237248628
464799727
3811715238
147024440
2760742378
3275349101
1678524599
3428122300
3959699514
1640176466
3769461846
3937849027
1074578647
2008585642
854518274
1101314490
2947600940
2301390304
1369944520
1752240371
303064188
2261290933
2526986433
3409171718
1846962041
875686962
567550236
3611154054
3517167045
2650317417
741327487
3690215677
4123327291
2941022528
2798195859
3474925837
1964865993
1533589599
3746421972
2281643831
2937982841
3222219252
1549533834
2191241630
1932661543
1071768836
2272713503
1692179913
3597036739
2197541651
3814092031
3599031171
2856298996
1684856681
4229543260
1354848102
1696237740
555640406
2198877659
4106543636
442601403
552226294
442609357
1275146617
1951648972
357495923
861824542
142139851
2859212100
3526476524
1131427151
3673402351
174780242
1150682409
1962457356
1099162588
1240657960
2350163913
966255049
2905181943
2827441013
2188798478
2491920464
2354223808
1317377419
708513433
2263105081
3991051713
2881649470
1591364453
1600377035
1831833700
2678691247
3672176259
91365604
2677419315
1806645742
2625051343
3368086431
1451996292
1538976569
6331113
2728645900
1220137171
2853995136
1983067300
2655360855
827202656
201937874
3475690177
861981499
2565726048
3522253698
1958248894
2022336409
3219097300
3463353080
149052609
2184409382
1511221177
4015981584
28018063
2346824019
1582329177
1456451812
1338910
2736994099
2866286298
1323978175
505685680
3507097401
2881170261
2819092225
2767440355
643112625
1546512927
3113651011
459711144
1239164816
2318766954
4179055518
2226753450
2219204671
393517663
2829371406
2572884574
1699987936
3531784957
1391384379
4155836788
3402337725
2213440593
3408318503
206551027
1710962733
452787382
1332678671
248152028
2408359219
2727818398
3351395202
843671750
3076889418
2855685036
3897088002
289356054
3733987219
2905057550
1259541777
2291450507
635149179
3684949937
612851654
955095251
4209823884
1657467418
2651061480
2068480630
858828148
463384605
3502514149
3601664910
3776077526
2767278897
3168832875
441214664
2892637802
2692910905
787211282
2975930625
4284898098
1887875966
952870000
1458570082
3344882977
615623427
1385156954
3417425349
2493023514
2107005444
1166448603
3541052245
774052153
1537032373
1420605144
2501460182
2522875952
2509560371
3552136401
2538079317
4132783148
2585730963
896195797
4236689817
2841563879
235004715
1167959771
645238627
490355840
3395909811
3356782815
645395480
2325286032
716676872
580266454
3561842307
2375427991
586512103
1966465401
1241207560
580259721
2203985082
277264023
981903497
2924921056
3639152754
495170974
68935576
3308577769
3337358028
552244863
1808933728
3545117242
470331374
4001266986
694644112
3953666816
1877040725
1953736607
826279285
4041121698
319609771
2863979437
3836129696
2889258911
192680032
1412552719
1621315157
464933112
1633014382
660647121
3569484107
2147733459
2280560423
1448050932
1234590003
4041953958
842627707
199357349
2544917564
263829847
915562289
200098804
2963059695
660990324
4034125065
2457731579
2849314836
1062641181
4040105807
663468529
2973551689
1467573109
3224201523
2121438718
633600369
3641086242
4077201909
2446851566
4053272034
982906079
1503948511
3285002179
866789176
4226980644
2501609379
2337389265
4145419605
1227000348
1639240898
1915659328
3814015614
2920984560
1592745295
1282460303
2073601748
2757545014
2814210696
2584089459
2880361379
1331272008
139711734
765769935
845876905
95427559
3679810075
1384054042
3649538523
4035211681
450286616
3275745240
298049917
1826387295
2585876733
4100685812
3430781565
3079076714
852653759
729490065
2727078897
457690431
2830867756
3471893711
980932816
3898307425
1233665915
17549400
1010779386
3866803606
2667427386
2623107759
3383824848
3698454808
1470643525
2686974431
3876144394
1620433725
381517440
3448098048
2054447909
2613139557
3646634935
3102324488
4245363648
1078876163
2687298513
1070342670
2414449314
1665061647
3675267972
569461412
2240713633
3881742566
2650248106
724591195
1744389763
3841188044
2751820707
4084033728
3796414380
4129243949
4012751046
3687689379
2953954962
2832061470
3305566064
2220985189
2949316522
2573496813
2532750933
1200980337
1489936511
2797693335
1891462733
1044158541
3356938158
2186630895
1505147595
690336698
943854878
2178335884
441701512
3648300318
2512566348
460762862
5300223
2427291314
387514049
1585464859
1126633775
4269840800
3117425588
933923716
2278997550
3164564351
475544535
824585109
2891862803
3721187522
1936055979
3221417736
867130378
3855845072
1794224461
374173278
298256177
3342405363
4193251780
2123587447
477609864
862633918
2910151765
1836559291
2800300319
1517241916
2474862744
1874616930
3637115146
327833866
551805294
799550859
3143794922
2030002887
3911987962
3707406173
362313000
1415053909
3646024895
4030312161
1691698462
3726368400
2363633193
3878889865
3230652244
3371669845
809877031
273689375
80492076
1954344796
645752560
2915804422
837244789
3163018495
2744867437
3784667041
684980642
3864804093
3300487099
1020618796
3847841088
2672908634
3602070977
2397086325
3329957106
4226441713
1957804846
841782531
2906650019
4093026237
2412857404
3807934731
513255278
351939539
3361849902
2516621943
15411269
2971998771
2556736639
767971100
1744787529
64309544
678734647
359992787
2874493981
964917920
2635964044
1620032187
2737355332
4162296410
2398479668
4110153075
4018225079
3470349154
4003508037
3188336175
2321404736
181259942
123945295
3950069544
3283064327
3154501161
2854150128
946249857
763181445
3150692872
4180655363
746017653
1120539905
3690706124
3758691925
435457890
2186267258
3055362282
2187190413
4183483039
855340756
114247481
3837426166
731004217
3441781547
2532032777
609189428
1540316877
1528024973
3286890349
3143463505
908201397
1649488207
1518829690
1520679934
1173445370
3843244533
287127297
3449006631
2463971631
1431695173
110651644
357312045
1192469038
1553417158
1605843101
4080359212
3588341943
2268837929
1786910002
415005001
2307084874
2650981135
2980872096
2640642035
4013907001
3237217950
2214527989
124087559
1737166813
3847226072
795122271
328658071
1509880756
3531203251
163690150
1979939136
2186549422
998940611
531387324
4155052999
744175517
1420311512
1543426870
3283277636
3466937623
3418123548
2547196820
745717334
2623810641
382658231
184350554
1407211598
2271498592
1179026328
82642421
698424778
553290063
3273124007
2082637324
64322077
3913616946
2224007500
4121948722
3430033137
1565406041
3686720115
3451429956
3716070243
2966059517
3996105982
981882900
2780625878
2232907094
1037815484
3955136540
2125579262
183222107
2148909658
1241932761
350028624
444987619
68801048
1021987935
2589915191
3636136602
2479994647
3713540058
3953093690
1202266999
3019103434
3042983417
3565243464
2662804984
3213562242
622237788
2519996394
3877846879
2202681446
2946150624
584665528
3419703063
3277557179
797519354
3784048598
1458480372
341244249
619588002
2817149969
3455854796
1213759364
4177886296
3112065794
3685528426
352957958
831135183
18280728
2879173904
4051884648
2607762158
2452457
1722939157
1204199915
1242620051
2954372445
3317726584
20437372
3976876145
3112909596
2771509620
529530087
3845388691
4182326186
3239519122
3062831061
261315927
664860801
1766461489
3887449144
2066137168
112003459
1077725368
3891747479
2105675590
148212440
4173112999
2384130243
876534502
465362488
2339094301
4043351607
1637932535
1698075613
1296394559
2336570419
2945600039
4292858421
2282029580
2726908624
728041386
2622321705
2027043351
1560081757
2369507066
2164098262
3368414910
3056527846
1234261846
2272213779
3341254661
4208873050
1796438538
3095389306
2873412493
2283912582
686644258
1632123251
763018431
728629314
2409730055
4138080885
4275995298
654281719
2267279968
2393543085
1858074418
2541946951
764315649
3922861989
4098098120
158178095
1726059500
536261484
2125802257
2919263967
1056089201
1781610038
1241086650
3126336737
1213531066
3550731982
753816041
3883449653
18545900
1880447870
3825610498
225748614
1539657909
2970131026
3544542278
2187750612
223037261
1943023807
1539675392
2765229096
2560283904
1732038682
1592290631
360943049
418307409
901082860
4030089289
3363402182
4278934312
170872001
1642667852
528489340
2731335072
3128512478
6874588
993802900
2711139798
1497713164
195368091
2722037978
1436344924
1875742737
554595168
3815925474
1275840062
2575182315
3487603987
773040494
3810184483
1314452042
1094718096
1886720591
2135097018
1787429254
3028292147
2892096877
2563972334
689342938
4197941283
234738847
1121147869
2210829551
1942848930
1431018861
876123935
4120367726
108878379
3410896452
420120686
3830135026
2592051732
1149801439
3342177150
1796197902
1340063209
2219595369
299110569
2267273444
1556922589
452419616
3973790823
2255995712
826957282
1043746763
4070950477
1133945564
1621279534
148988703
2764782205
155834779
41237114
692771275
2860105370
4271502393
1597226444
2048922736
712450463
2528747286
4227909122
1315125774
2065290343
900400571
301141168
4128166306
59067545
2225270819
188841139
3064234595
579262322
2440442401
4136242
1066790754
3482300878
2593728632
487512222
3977348207
3952326424
3993862694
461991316
957629790
821601308
1036472715
2824503869
563206241
3106531488
3995827725
3680078628
2937455596
2402737250
1116470661
2540105408
832614717
3530448359
4162240881
2590875776
3263739688
912822586
469592579
297119308
3278184950
589866990
2498800532
2783900123
3461667495
2613051185
3291773681
2334063861
2879373337
2609570130
3752791328
3420252704
714914579
352966201
2311326987
2414178590
3766153865
2841031235
3406103552
4201854587
1987113198
3972033913
1207435973
2430387111
2411450869
2163999546
1549759136
3018684643
457566993
2200138947
1930383783
2056537418
1610302601
3897785044
1634845886
1007370338
1513474028
3984690281
1334355765
2558943406
4061623703
507936310
3192949431
1165333213
2249117084
2798768807
2266381687
1692021249
2403934112
597572965
971100237
2081333995
3529019880
431106196
142152393
4265724969
659486390
2900291255
379649995
2887919447
3785180510
2723283476
1418078350
2009651137
3109148534
279411673
3064238926
3278824038
1065578992
729132588
3531381166
116645718
2411799343
676647972
599425149
2048806718
2453606973
2169192332
3298428279
1648928466
3190462826
3200760125
740586256
771762091
2382688983
4273871096
3385403898
806865696
1563305073
2214089020
3505010555
1466756896
1906605416
1150663459
605100776
3754240027
134670802
663721214
1098582639
2242311806
891387592
2067760428
2370825353
377885991
1288463609
1353322998
2404620142
1845163708
534494450
278545303
1486801238
1704871321
2920167321
3375814233
551667318
3447631415
2518270325
2428833267
3310360170
2639133675
436582444
3023967658
1534453499
2025615572
3997971279
1892023492
4095989483
3550348880
4058263424
1319215101
376322825
4111656619
2012825103
2745758728
2131568381
2167142191
1355954425
2636060240
3835312377
1146117150
1473956267
205828944
3407825678
2407717985
1419450367
726603299
4011199672
653492205
2650964673
814242656
3458521132
2806767166
3967546495
3749549267
2896022502
3175940739
180925951
470091135
1974273136
4244278006
3614392932
434687732
2212752123
2763616878
649875059
3429788062
1257807847
2967097734
2919799551
1299840931
1710488427
613053542
3720881991
164075704
3431338730
512153270
3240509597
3644810302
2120270297
1656147933
1643282086
1907457516
713954314
949804501
1073017092
1628521848
2405579561
507292427
1061728681
1516466492
4051803235
945047976
3773440694
4079242473
2719131870
922483181
3049301398
1297209465
3099218914
2751520800
1509682994
2926301425
4199756286
3769029790
2281621569
628950907
404619610
1344865315
2803960926
1531693
2797544328
1570945314
2255990422
2798221067
1444115020
3497980080
2965003246
1522418189
1914361908
420226909
2744634853
1743428045
1846233685
3010658525
422891875
3124756229
3243466394
2496920493
1082664202
1723876505
233502494
390609558
1836783209
3445712905
1925216849
4095481692
290770387
2339715268
3372498404
3265396138
2413786929
3792212482
1468488816
1617436630
3615710296
1539894639
3408218784
2012902376
1211505517
2259381245
3331388977
903955181
2157785476
4054478736
2041334364
407341427
4033539451
2639673607
732809691
2535395026
2542629664
1319288712
743889
3521960485
2411406451
2515878808
901049831
2732444744
1878162927
1819226012
3671326977
4212148619
1667234580
2990904008
633394753
3690260411
3515612694
1109720952
1547293890
3456054196
2285211440
153080757
3659893662
2802956121
3353403304
2940601313
1175630916
2998848882
3445910171
601124816
400242642
1847534216
2770372885
1183709478
2859133229
1008931913
3266468990
524752513
2453456352
3915236224
567894819
1708001430
2530213937
4052007010
3028888589
3853333955
3312906611
3102464160
2088299227
3904303438
4145652088
2362737124
2383969780
1755746365
2666724267
246150728
38827290
3198188111
2683022999
1403575396
1886822232
3350437872
1064691547
3860533251
1731881784
5065995
3779922640
3033246507
289101071
2122870318
206146833
4126040392
2103115111
4287972802
2052239552
3974899279
2070157073
3285725419
379981043
4098868418
3318096798
652810598
2926008228
2810881109
3636636693
3748603645
1938095265
3722684461
1461450152
1965735249
3645307483
3857763415
935100150
3240910167
1567547936
539591156
3407199621
3950923603
2920898055
2446070833
4183737519
700929619
1761318619
2985791701
4211360367
2016096309
3802657555
2066404145
500423577
3693147186
1780867040
2716501676
1505448556
3391920111
2467946957
2235416694
1853926637
4116080862
3753008142
3252740043
2071095433
206623272
2089386648
1813052976
346422994
2171718909
3649439010
1214740732
1431897234
1262611613
2752204851
2335512494
3534158112
640147267
726949378
664328125
758982391
2104050225
1712465369
4195723696
2580999353
1924428424
5297027
730591892
4065537907
4040243922
1906314346
1082852860
3356892566
146723190
3108885492
4201400742
2732850182
3140503120
4173771953
3447524860
2535463733
76117534
3228388083
2835437831
3395860245
830632646
731718303
2430073121
938586113
3839725894
3017805152
815893383
3908140818
2190505619
4202194683
1816841936
1602033768
2541748148
2037211702
2719137977
882401722
1604432173
903625758
1971905170
3041678565
4061542917
2005892603
134026375
1770467042
94410482
797462259
3642402742
3029434915
4276510266
3519160992
2359642367
