305931404
4009349684
3966358572
3498536200
1814166909
3591603718
3450096544
3068954003
2299416764
680719476
1587292943
581451003
1057636135
2757309021
2413356220
2470401045
1366346104
1085339665
3388294299
163078866
3820091085
3734097061
1269352730
1932738549
3279003517
1709061812
1382714709
3546912118
1912714716
2629702880
2315159610
172604810
2509251832
3462342421
1319418122
772556594
3171856357
836871309
3937488325
2558652236
1236935442
3962088280
2309399446
1193347503
3521020488
2900734649
3112766073
3210546206
1637502293
2869077852
2794842365
2014789674
792881460
1118438468
1502318903
2030079184
348149923
1337814654
3871059222
198468769
2620230986
1115830511
2690410615
579850362
1879548334
3497055149
2808670673
1543774947
95710961
2134092865
1603375361
2845873519
56744643
3661248953
2689631690
1319979520
1074484897
1383032517
2122194931
4078051898
1050306576
2743351828
3854869362
1944996131
1476649453
1862635533
1235089973
2890478308
2787163117
2248971416
2415178297
2994723242
1167726239
3347916710
1561921066
3587705744
1013553375
384660901
3421616557
279754413
450525217
3387129268
1379557265
1127117221
1335808735
2324390306
2192868669
1421333286
511849958
144282866
2923468703
3230050421
450096700
1438703776
300773212
980711864
1532664502
1849756347
268785207
2053260853
2170481226
1647316198
2914521636
1145845391
4193008068
4236102198
909147222
1190101704
1097194582
742048586
1156731289
2998595065
2071193751
1619576267
1097145891
3024534645
2006916428
867584468
437122338
1642861117
3267283494
3818841374
188082532
2097014167
2819321552
2514621121
3519315366
2072180788
4023264202
2928321146
2941667161
3939919197
1719676524
1810185226
179885278
404670714
709503899
1650724052
1167308103
1922426124
117440903
1235690082
1983969880
2658161193
1960840126
4172336260
1660132839
3796452666
2444167520
3531676061
1708407114
2192178196
3988802175
1382455514
3074533119
1477314717
935229288
1582393589
1413084048
149860087
1849019596
156930334
3972628166
2024763425
3599550976
2927623448
4009622564
3162733594
302551881
3476256031
1747631815
1815767859
3004062512
3255341331
151834961
311827045
3593219289
1551885526
615944079
1146136091
1788202603
2445322408
2876816310
1980530442
3487742330
3786434502
701651347
2511989854
2056849467
3083029019
1285132834
293610449
2368544844
1951205000
2179257579
88620583
4003303831
4272044705
2910274881
2391415225
2303679437
3733454992
915271970
3920703896
4146309966
2614543066
3115981954
1516930128
1454801015
3737946532
1495508801
1103226710
2106430763
2198947462
1986787723
4279491531
1245915293
86672949
359478090
3866701335
244406629
1052478833
84494465
884456885
2472239738
1794762188
337854855
1181501384
3965141608
3831975204
1482213809
3559989864
983370576
925840127
1010053082
2936208561
968061857
1484877172
2863337205
1538970597
2382451732
1483926931
3684620025
1598424225
3983965599
4180006325
3360879343
1364319904
3472583594
1089228578
3210334614
1311357282
1171774102
2525294470
574012003
4004174195
3279346929
3474756984
3095618807
2706318170
1860264914
1286759258
4136461700
614664853
3210883729
2203331241
1850331998
951259189
3228801195
1146648881
4065784713
3741881472
3956559764
2436523705
779956020
3130063306
1857464108
2150492135
3678741479
4251498233
1593653581
1035550292
2832593011
1348396835
1498536683
1412199
1634116268
3456626171
3670750082
231348570
1865164211
2027510203
1915532636
3268010023
1424292705
340122641
2219736581
1185158818
1334836231
158309638
1443854553
3907672742
3307930887
3666027463
4125201888
2445822062
1172862072
4285269147
2880480931
2843089729
288709572
224096413
1062235154
76660435
683212703
987085136
3238485825
3395155124
805708700
1224455510
1849582321
1106536450
2270587309
1460805085
723477291
3611847242
3991012413
158754666
1107640360
2065935113
274090901
185621237
990716827
1315089892
3400882960
1728113569
2942532954
341180242
3742637675
2192814806
1566476209
1905435879
1191189799
2106725734
693469430
995807196
1708735864
3913310964
716452332
753561003
1441700576
671416539
3144613720
4178374662
2550845680
1823962896
2099578989
3917678112
333539128
363565037
2458978807
2539769939
3692650768
2214596077
2286549380
3247054722
2764366653
4289053944
4081508364
99174183
3255183290
2104350901
1817035436
1512691221
1800809732
3818430409
1971473930
2844023964
3733638886
2695226907
557805477
536136363
3435932959
1847336435
3600062222
641494205
821029260
848042882
2982732224
4136873789
42177760
4014132461
582538270
3025663740
1973320304
3043068033
3127463320
89794398
3584446261
970496140
2510939633
3934497100
2340746968
3409430819
1535646213
380535821
1410238830
2682253110
1616753856
2605730304
1000297212
2444157005
1041576075
2389113169
1567216646
3418250454
741136858
2882536721
1799742240
466545325
3432477507
4152749640
1988291581
544429583
1261913398
322027216
2711378431
1242925351
797030253
998994570
1536555217
1454386949
2009852636
3187200785
378350449
2561612496
2900898920
1872439846
3657215925
3640836662
127778792
2202402492
25223349
3084047432
2214213153
4052243497
3896125072
3676961816
2759675251
576110511
3618709653
563483515
4035144366
851641840
905622595
33506087
3654598255
4281414176
335255072
1633154915
3081061019
2243566562
3916884858
3894562300
1194876266
2485391982
2594234615
3559245013
2193366770
1993171823
1917205139
1969154818
1127550255
4237640193
1679405397
1785473868
1273217561
1304100365
3762092623
790511204
2186764363
3364681429
3498497406
971975520
4013360315
349295549
1544223025
1422303580
801415385
1902688265
63738424
2307484913
2772794676
3796888756
1715624544
1755188487
1759547489
3003216004
53220439
4090571934
2359686136
161232356
3050328310
3778337728
1601167242
378856316
1842537179
3705989234
3616162895
3681556188
1448329186
3802691462
351826969
1477853757
695508412
964028107
1755307098
352062069
1281606411
467368145
3976432321
2789336590
3622794593
4253931179
1530592020
3010663482
2050210003
2765405464
1773113325
4128268350
3567858530
4177662510
3243120730
3393259489
1914765898
1123050233
2159229385
3007871482
4054872999
3992760016
2275929535
3691645416
2568432217
4118912803
81538538
3607240103
2251829943
1712748521
3525539309
2485133076
2674544771
2502527749
3591200755
3356761313
1361384453
2637198301
1826272354
1416810453
386901969
1201061006
2527867815
3005332664
911713031
3762203444
4094960725
851662691
357260690
447237869
3443915660
3209963197
4005763979
3443569636
2037201633
2016340226
2123660296
2577277760
3546657067
3135197033
1345376631
1217368553
3807167007
243716163
2329199364
2935467605
1189267805
215690818
3440100434
2507640275
54902102
928186197
3012954937
2009892300
4013957371
3103862062
196696014
3690789409
947753440
2960676687
450412295
3783276461
3857045130
3191835314
2138420871
1297851828
2586120568
2277597871
2037126333
4254417852
4105870448
397664941
3964166514
2532221871
2572483846
10212293
3746814932
1022149563
578466347
2424854030
514763058
791933166
203981245
1141765351
2215595213
3700661110
3576729220
427585019
2471140029
3676006861
4270779246
1316674176
2409259486
4264585100
672711559
3100967795
2765978234
591336607
1032833398
1007737799
973157879
3419713889
1469122070
2746154250
2270832400
1836878896
3617605284
391897368
1896170988
948254872
964338814
1501922232
1735021348
2980702337
875009243
1222825740
2749183362
2928254813
4223181880
1702532297
3233526406
3437080080
244305933
182132593
2697979819
2697253379
2315859621
1046313764
961337152
952824419
2919112643
2438235205
3527375371
2919722896
1972956587
1576784338
3833777585
2671009573
1821689412
458352011
455945353
3564554242
1672898635
1758687094
579434757
1457723056
3051238561
3388217387
2785843289
2117980747
3408641184
1666317331
3924715965
3868119100
63560849
4132160047
3837746985
2614970134
579672404
4090219334
3797302650
3483329006
119608362
1145101794
99917088
1501166644
729277457
2112789876
4199571968
3609483659
3210283680
274663113
4257418471
582958970
4095721645
1808686670
2260539809
3233323531
4018966872
1575914666
968495663
357175047
607599999
4178958638
2232685427
2474064771
3411115045
3408772923
4190787798
1755402671
3649737525
4046706922
3149887515
2150234837
2711973595
2811046935
2277719705
1842585916
3148999953
2947488288
2076022072
1004009287
1339481176
3412726955
2546522567
4274868611
909305139
410304211
3224391222
1266540798
964903723
1097998829
2019452156
2211723322
3634904608
2326021881
3598852912
1397309179
2081495118
2378256896
3289231898
2951967537
560072271
2693208443
674699669
838725936
2816217427
3147326153
3865448165
3215378812
332250628
1402646167
1142468824
1741800300
374724140
1820800455
2802680944
260709312
2608250729
1278090572
1792646710
4290165847
2090935157
3370856944
2688798382
3732395616
333451996
525236795
2660034564
691011103
256945262
3488280364
1302553934
3227005539
2679032721
4141819473
3484400571
1899934635
575935861
2637769340
1589225594
44214642
404655587
3246452053
2161057619
3539582946
3334403924
70975880
4256796064
2119194040
2654253882
408109791
696447577
3901451465
1582630045
1299080649
563871600
471699338
706359562
707294111
3135766838
2830581079
2640286644
3600667273
3530539400
4188188049
4151841174
3004939838
1752165676
909827575
3174945189
2391703494
766952554
4080394264
2354040782
13789023
194189671
2076295107
40584314
533826524
168919582
3698427200
1399598094
183587316
3496470100
1419757563
1443934983
2312088962
325310207
1344543976
336544734
1273486512
3034685059
1040949501
3854747018
2285222513
2634197753
480578783
3288202802
1122850600
3985285587
686684501
2668967776
1254765401
1133894585
741721755
788194170
3409673270
560728894
1019350819
2117812881
2218298940
1715766221
860542612
1857315302
1805364331
3414944047
3846385217
1085065505
1547692111
3344994335
1580200271
4045514723
250903338
4079728824
1217539143
301378641
2847288598
4011944561
1362324559
1383993702
864011112
4160974718
2750932289
1806018240
1742266987
2972635451
4178855945
2469705830
939396263
1312712105
1725850163
2339613647
3237140223
2227328457
4211318033
1757490546
3308578732
729486866
1531547115
405567665
1354573234
1350644188
2493523759
429074726
772500525
3422537972
2095400241
2931291945
10629314
3466491576
3878784932
265701956
3891515656
3662297300
1120613921
3659256956
3217904691
881883415
2370835379
79429330
869218278
2529526395
4141655196
3947311129
3949419648
2599319189
2492481585
3687801695
25888109
541288510
311548871
1266720140
2609289512
804978470
3620940601
80498260
865020062
2019374094
3558067328
436764524
3202983463
2046910085
1852044669
1144264285
2078075610
4263998550
530429269
3299186609
1296918896
2636016033
1627182412
3512412168
3610400754
1734768172
2663880127
3056833935
969494367
2118334186
1564349811
1336459479
83016647
3789129309
3245520131
2887938439
3473493749
1073828812
4017851357
601845540
2315832025
671123857
3342072660
58212327
726850980
3033011921
1376776608
129376209
4233892485
1162843105
680941872
3052958676
3211679813
2986952709
2280153712
4033472091
2603525027
3109638836
3501993927
1071337480
713044383
1106978296
2504820703
980420164
3278660995
1966685116
1436455663
3919775492
1605670267
62233965
3382925216
3836298489
3178668977
1589002441
115198083
1971563908
1433207004
892071872
1594030626
676553590
808909097
3279642958
3595959719
1366149616
1249142698
2760831290
1843192346
3950924370
4156559665
3270647057
1445876885
2173763915
628834632
2273599133
3068078311
1612959405
1940923631
2810054752
2431302595
3128287867
1419545849
1390041345
1197441015
3148158665
3794235175
336457249
394823645
4126860799
1788587533
1205819405
305678160
1774055430
370833680
687488150
3224114700
3335770161
587583653
2077691601
1471581273
680445176
847667279
1343463205
1702211241
3174593932
3030441863
3250452199
3370027024
701465956
3435452033
2273335083
2750143433
1685540528
1921377571
4098178596
4205373014
2627168896
2905660126
3686245194
355474463
1863057706
1748782371
1828689061
3662580452
1235121645
1528981406
2163315153
384759046
1552116981
3101210068
1153855980
967446941
2669588758
1798787639
1488814878
3971742084
2649044646
991480683
2243981065
601072538
1022788308
1429630968
2609276101
2839704930
1017427925
3768947396
1294227017
2606918205
2309707672
659650613
2047086088
451578467
689654940
3267424027
4131938439
3107888119
91644111
3692620371
1779831878
232625660
1169759498
4152766823
2956501538
3212589011
534025731
3692703857
3877833336
2558150301
2321053903
288094564
4267537557
385714573
2309268358
3471864402
3297532126
3971841531
2383622188
3585990936
613493186
4229501167
706878729
1403320300
2831822007
1239823884
2604602949
1763847306
3294374021
649481641
525492280
3045977265
3203734833
3331160703
3241060357
506542700
1150309601
3783959698
2796228663
2512700006
2374355320
1159270327
620483795
4104594690
3584926754
1747587129
725932885
4040937076
985185765
1014791249
2037660839
1373119007
3535200102
1288281968
1943310031
2003130772
165472197
1774410156
1259338745
2423013870
2566142302
1502024702
3436745945
3667060615
2764564956
3355325445
2407508694
3159142725
2611788332
1274723936
3673790629
4068234489
1249914823
2109771471
4154828542
183903329
3369113049
260983502
2573286337
284594586
3213574276
4184495034
4275719104
4037737111
2533039867
3972849605
1719902712
736788994
3413370611
2989869637
437529318
1793683706
2128113626
4187124847
3736611684
2834411095
2952326739
2891950632
1140494629
3501065534
3164129445
3432373651
212839554
2244847460
3385784159
3239082042
444800873
423324212
650678709
4185377434
2780133573
2368706272
4114185267
1145495153
3955866565
2070663570
352189906
2987594951
509268905
981706256
770113010
989511501
334182695
4239236687
1950238514
3979991984
2184185117
426599060
3421945671
3087141881
2309917172
580361810
1097715593
166720052
1148644785
88566518
4036168204
2628269185
872546510
3534435355
12302457
202429410
1297259617
971221474
2539220967
299286995
2749393498
3643406222
3525152692
2505492867
2866512344
461797813
261119923
3882117471
3125000921
857986869
2448306520
1894095272
4199879826
337281354
3283388806
3480248796
1749654615
999563006
103669811
2756751482
3027760754
881139992
4248098019
1939310368
1509991757
2339241855
2070534327
2230455652
1214612326
1105857522
1770143590
4152722856
567635076
3895773828
3657143884
2611615841
2381385896
2324717465
1880670350
385834730
3287631104
4009033458
678681929
1839842585
2215790912
331512441
2048964146
3273259886
3986115224
3677650436
2281391777
1332437747
3888026855
164641482
497417432
1795657640
679866437
4047182844
2868565485
3050236311
2121288939
1620432930
3926642145
4186543283
348647476
2128409524
3314320356
3322124883
2292967424
532454636
1581099138
2665302071
1737219308
3533647212
2014862453
2027343546
1594176061
46798185
1415175420
325708188
409584359
995180151
3765980086
275680966
3287507526
1040160200
3472945635
1732915996
2207423851
124725305
4090391866
3170862916
501544141
347606303
573155678
2726687710
3700710520
3244325656
1291229389
4208365987
4136247792
2678014563
1705210769
2119313027
3767399518
3567170993
2023653706
3060183493
484215131
3229994855
3358107486
995213149
2164744258
354423409
3356255352
1370447337
1216285143
1106423736
2862865989
904652738
262657295
1897957076
3360920003
486681903
2151438
2408942121
2938665943
2282099614
961868736
2241397210
742002250
1893072500
2040744313
4285539377
296784939
880144370
2547896137
2659945792
3545999058
515119620
950033726
2944980673
3893872526
2996248612
353838339
1831011706
2798081212
3893453910
3202228828
3391509780
3369628034
261637097
819587826
3028329172
2214169915
3508211877
1643978649
490644931
2206877501
1525590171
62097947
600362366
2330292020
2386979605
2806901940
2753484274
3180813117
3472946213
3314666774
2590101273
3473340703
2185972586
3248963013
4105641245
2183649591
4244979526
2443362250
97024724
3419251587
3930376076
3199551346
3040897372
4060218635
3143603846
1392126142
253581474
105733201
859116320
2814207392
3139051674
89224358
946444359
2430830305
386482940
1264382932
1014066437
1556779791
2621556661
1938790649
3285155516
1665760886
19253062
2138093384
947010283
3964843677
312772338
929883138
3044563790
856486836
1185307840
883810731
1260130166
810653902
3469650997
874338103
2596687273
1894609899
1946416381
781049971
2398083155
943078652
1567570781
75539640
1408309979
3287353882
2000368152
1703632783
3649168617
907695934
1069206575
1508105831
2801879521
208384542
630525212
1999778281
442212154
526845474
3861333317
920152047
1374603056
2954941101
2128245431
426853239
3658277018
546906550
3042185812
2244190191
2804920242
3054873480
697828692
3234084661
1661739259
2751815358
2092248191
437351499
1954904586
1276194818
4215073848
2636035368
3281700811
903379994
3845499884
2935594174
1092703900
1085201406
3747223595
1576716675
3208791109
1165403938
3487731330
1319418191
1164602051
2243527273
3653936255
3011973827
973827351
2714278572
292645775
1979957677
2993049299
1726403771
3031975065
1505706034
467178506
3989962997
3625246709
2799218578
2922274888
1909376221
2425884885
2178375262
3055377020
1731975246
4004915791
4102580205
1244510348
2827171407
1795969296
336062466
952436969
2333347072
3716094450
1223972291
779740573
102551217
3492328332
1914925032
3369827825
2593942579
2078214490
1374421860
3969133800
42736538
413044751
132171012
243591558
4037035676
3719644098
3506093269
1530775422
3267590169
3762652982
2248291791
720829007
925137430
267575990
3586365352
3865696521
645572044
1782888533
1447567515
149102546
337757219
1755293654
757768313
4138289672
441330318
4220956190
270290255
2676184451
2218948292
2919790705
1890620642
3477245581
7363881
3550840117
529769028
4117511402
502217447
1764250692
3260253048
841550352
3939487024
1012264075
2022862590
4141205513
1689133859
1500201126
598843225
3761661994
2154253227
3652476265
3033186203
4265881610
1807621096
3307526653
3095184699
1450005618
764430277
3755435198
158931314
984224140
43824298
2953126846
3376465304
772878932
2070832908
2736418814
2278780810
3274324543
287488046
3504362805
1044890603
3189345909
2470564103
1180909067
901538800
2914489500
419612140
2168402516
1368144360
3058418923
4151599267
4158520920
3614765529
1964573478
753655418
3368775866
2729464040
3158910980
632164404
3635782792
305183643
3135632450
4004337427
120518883
476726161
1440354729
466456682
1418994074
565784857
923204789
1274499667
495479284
3806707934
3335657776
204746026
1470379072
2704121804
938281414
161565345
2163174632
769576852
1329367571
1263043296
734959844
130870822
2110131927
3662409541
1070107843
90939636
2420612679
3315871603
3159566871
2217412196
627297524
2263197136
1757377980
684879852
577395773
3435253280
2569734782
495573704
3227376075
2840571525
1969988213
2744808281
2304716101
2428954639
3402196813
206867008
1476030512
189707768
309735905
2424564277
773478744
2267531678
765070668
257046
2106765524
3140407265
3915923053
1831133692
2451719181
3152104267
2773623181
132443520
781116982
1742553359
3058917563
1542951624
3345963759
2691051533
3816233153
2108914304
1263190166
1018371060
2478498050
1597845819
1967988887
328011890
4239513276
976774307
681974868
2238929049
715962453
4022348053
1147513936
3989621644
2005749730
1547279171
3124624493
2202752600
638872463
1051600669
3378032820
1187950203
1946340188
1976794128
1711337735
867064685
2682048158
2406313780
1311821022
3448218138
3368833822
4104420449
1592168525
1034233854
1224014886
1371100796
976338403
2789090959
3970027182
3279751524
581688515
2971078397
3694893161
3005750592
3419751619
1362600314
150549852
3186011303
2384475685
1829661816
1388053888
1010676921
3016896204
1653282171
3135936808
2474581117
319642401
663952644
2306953049
3349129934
2121414748
4266365644
525578995
850582638
4214684298
3148377562
3045443042
2273818043
1043465397
3724286331
4227349759
3364373781
156658808
2569581790
34698168
164373207
1753859510
1211421993
1748330282
338536526
2330739813
2103536582
3267444419
4217616523
2433095576
2472015674
760453580
2475302075
2536903861
509753942
1951176588
2013690447
3407498211
1483137226
2992263207
658616648
861302533
1554340864
1205947015
3518929025
3946956328
2424160914
844074110
1479330378
1804445629
801509028
1113300627
2962568559
2849118609
4189525861
2670790899
2982363837
1208642605
3856908393
2412034543
4074048670
674211415
304307096
1696143188
146206501
1666192298
2668137681
4291660307
3180126517
768505040
1869782481
2799230496
1700739121
1146240587
1128407302
3110706992
2928635882
3601157257
3664150831
505972176
3188672407
3529917265
1043586060
74841238
2491669444
3153107511
4207321266
1378799851
2190822758
3740636496
2163234014
3846807879
3459983037
3950765647
3032558355
1674105327
2662512152
3223364960
1601583771
2361362387
2654926007
1748798675
1321176944
1666006537
809196304
3290678811
3577238231
2769892420
1748047665
1709353908
1048680626
2976423336
747714199
2171817797
3237522379
1962194669
238702168
1403016327
2379038011
3712690631
1607175170
2433679630
1360412383
3687090727
3309227149
2768407526
96664133
1306901255
4226764385
661257002
1125926426
1009083939
973915788
2947915123
4154736925
3561934369
3453006890
1640240394
1248854444
4174355268
97740156
4247871012
1801208981
3249188282
3312119452
3055821434
4206989273
2517092357
811470436
1973459768
3934266828
2558998036
3983815409
2522519994
841358889
1031386480
4006576226
1592552787
1727241731
3601569692
1014643707
2513532955
184428327
3318309837
3848132171
1675748103
476136283
3341319503
1397408552
2168849138
4150367904
2504657282
3783609606
3574402028
3169693455
1344889642
1895133655
630233128
3867742377
894434278
594013962
1088857010
3078530585
1342221064
863210529
473162537
1053783530
3282553863
3558373275
436613349
1874201671
249350064
3470566238
148533790
3942378089
958600025
509690653
1489476297
449929055
1553034557
212109141
2596465149
1684144991
4204093511
1456594829
309426563
468146807
392988029
4094446125
3575911140
3579591546
2478177888
407363181
26879332
884787718
1264284222
2273803040
1197395811
975215628
1139297059
4073616401
229855197
1910138190
2158086204
3398496764
3494454090
2842806648
4014059480
636578656
3450153503
2534843661
3221534307
3130890938
1380898246
939372169
2549915249
2353574940
3034771371
977645762
33070763
703819685
729381615
4099295642
1590242399
2806289266
3611649319
1699106967
2939391178
351031326
364591161
2191849601
807257965
2100899456
1541435284
606864574
187327263
3088174550
697844474
1096561852
2580918272
514264163
290131564
3295547140
3494510771
101606419
2332965830
93184458
2375355042
840047582
3785774609
15850073
3085680869
3453157643
919052250
2540262264
3780668763
3658200829
2604219803
2145273088
827203121
4159966695
824881829
1889858673
17803511
184779393
2491534420
1930782916
2015051372
957560660
2884836018
1337930150
2979334112
3018548266
1921330656
1906966148
2008840122
1234026290
2044305151
3747700970
2415338039
1785061255
2930448391
1706620656
1054055869
2040197271
1260018589
2734903696
243277797
4036180576
1291114012
2692000097
667121404
899344656
1903265639
2790423159
3311320849
3737775813
518783715
4012589492
1901048662
3231909309
2875862437
1385032734
1245419452
4147635644
2675787346
3909023222
2922694631
1024846086
2474619252
1476246595
1371969354
70578043
2124733291
2406071633
3351377560
2757165532
1408987940
2941202600
2729955217
2798611615
2707195053
971586554
3855016812
1371509077
3048916281
2187195179
364000827
4019851447
2606750798
2936529836
1071601547
99705925
44584800
712991729
1847862746
4148399107
2973998958
1965506269
3429796138
262391292
132783089
1096411481
3100755353
4257696646
474116394
2241588311
1850555715
1283557058
4175760532
1046770016
3938984482
291045193
692100408
2579195832
1016809074
895090552
868961822
2492153327
3568215004
354949390
2744494811
3780740289
494534163
1637778866
2306469992
1721704105
1959968831
3132917507
2523183094
2796478324
2545179824
3048694270
1465369213
607968156
1263901520
596060362
3163519753
1972422334
3960254420
1251203624
4052007967
3052424579
710281520
1778110868
47794273
2074651467
3180500937
1506801963
67738270
1990922549
2546792891
3568924051
1293206792
895586988
643278246
1488020657
2488884371
2453804539
598310255
1496139683
1814071670
1225813815
207437142
3469974640
2638095288
2798584923
2982646100
1902761231
3393572561
3717348667
3746716672
3018261854
3849009982
2887573144
1343166154
2024130339
150772353
1894104595
327791367
2794952054
795075190
2533603046
54000378
3047260504
134807246
2743592823
4059868537
2295658842
1889054035
1975083780
1766154131
252493825
4013151480
2232882310
1116464867
2515107585
4219931171
781833374
1251514921
1004528223
412114443
2463581790
989814055
1961577715
228922165
3590501379
3126018217
2370812810
991826787
3168303943
3900324354
2481502591
1454100118
1782770768
3325664790
4244344400
2244903737
4241106769
3490701835
2233601749
3048471878
872289710
2502575572
3934531464
2511434424
1761472788
180076335
1515347667
3428859
663731206
4208632653
469241017
948279271
818341348
2457143692
663393831
1015107353
1968247190
713674513
727210587
1713141088
2508154829
1871215334
1996956462
3368870163
854395922
1014640574
628053951
1022220720
2432554015
584848117
425869426
2238198838
613587943
2293478596
3078235262
81834657
1938774957
68840316
697784951
3813892881
3731648534
652287422
622674277
3261249902
2702101448
3451468871
261340063
955915220
2565706354
509587338
4131488273
1818089679
923099095
1545443094
1732937812
1023834582
1561987924
1043816109
1159219572
1808147085
2748875974
3695381188
1190680449
343166006
4100325611
525201420
2299915420
3287353770
423004394
2455689764
3693768031
2308036024
3436572804
990858707
1389867036
2296815829
2311696741
3162463836
4225965305
2671180915
1153223769
3692687509
2664675572
2884843661
4145453758
3307236059
4074716454
2157149825
1057823585
1468787691
364435346
2629270169
1088730022
4002221220
4211484527
2651128398
2219559128
3232206955
692010536
911463436
980774087
3613684588
2575471078
3983180555
121408123
3389246799
723413309
2033917420
527274584
455626438
3699827153
120738807
975106538
2521042884
471129032
1288441086
1655134703
387092095
1806087035
3817946608
756597910
231822547
4114418333
2608966884
908121461
2583226919
3623858428
3757171582
2527031961
2079141410
2572261296
459695045
2020726127
2324873063
1616759278
1450860885
640468168
402061621
3785701268
323539364
4176775409
3730667044
3747853443
75415036
1422023483
1324252899
705554717
4198161758
1493608119
2164090493
2621237618
3563121953
1369279746
3605005389
1065811361
1113459210
1009316354
1915215654
2091582072
1433875370
1548373951
2506518166
3339895435
3311479457
1811462184
822147658
4248021981
1858992399
3472646990
1771455048
1629049117
2904712158
1727678935
2117795511
2807206184
1254597312
1681076823
524094927
2137868397
1868846246
3566994934
1569514348
653513962
1841132689
2695469817
462673344
3058881295
2143005575
739179851
1167975223
608086949
3488713600
972926066
88855377
3125217823
444037434
2391448639
2203993395
1375071646
3839312247
1410247629
1893463704
3567261581
1753873371
130408382
3098091855
1434391887
1949126313
570554856
3368403994
565210913
3020082885
393901480
1891014798
1366802143
2105812603
1026644524
3770212998
998044730
1756158640
1145170725
2180838738
442363705
1069828891
1768911446
183036757
295455649
1727052389
1636631245
824912395
39143998
4175812579
1370985967
1661232022
2719454075
4021757401
1367760157
1487662334
4122326559
1874244891
4163381548
405388371
2819997979
4082515697
458450058
2224594852
3262518906
316092843
584151800
1660997105
4188308783
1305058514
9569533
920015873
3897420317
1569126395
2217725928
1938819493
1299106441
4218827578
1706100110
194932726
341934126
2163889853
389075220
1807893635
1369236024
1237160049
3514100196
101635436
30559482
1253429000
308683500
1106701761
1240083478
1695592055
3632705317
1364420787
460745265
447661164
3549371273
3601122146
881234690
619588232
561800087
1626966822
4130179975
1803556388
3217786340
3238218630
2759866147
2545589219
3993287757
3791867590
2524400605
2936689020
1384726150
2311319949
3411154229
553029850
3669993764
1893494501
282756324
537062875
4118363595
3765610643
2626772133
2261020198
3257468242
1253218961
2653419808
948445413
883204507
231412953
266411651
1221140163
3314498810
540525005
1633049671
2583327140
3542622366
2750825267
3928609545
3484957454
4229584265
1201417719
477941916
3624601725
4085038493
1924894502
2782958363
981480200
235716495
1021831614
1280964073
1247457271
1646770765
3105394429
2555403034
3473684635
2752158235
309036905
3549554822
2983888026
641340868
1048033818
4235277326
2376054329
53886649
4117395615
3409109598
4144635424
699334525
3563798823
2986126076
3263084860
1273539159
1857536544
2530334651
2313638913
290512955
3008308402
4018811000
4132929610
906417418
1003566245
989319470
3168990255
71983084
3155807514
847033358
3175531639
2776899464
132237409
1051785622
3405962052
1557117055
1374029130
3797045357
2791214674
3641925019
3864328240
3756439868
1717897823
2070419907
2739101715
1706601058
2895508386
2921263691
4000156422
1751902856
84349642
4007896526
3360266925
590254017
273861174
2361269928
2714382601
2109822632
950239677
1843727418
2448648677
1420111303
1732566284
3341286544
794419169
2390229283
2588077653
1438314763
2520688628
3060251666
2540541491
3592331429
2205055679
1008749204
1037724399
1345891736
2085721352
2909957066
3740116237
2024999127
2741945745
1790899958
1534139428
3712396271
3864782172
2772381182
2350109379
2300461148
3677886890
271497500
3625819237
2732008987
2947772125
1424522033
1694758294
3877425030
2705386997
897186774
2684971556
532509481
2024261357
2440089040
1738694343
3965782260
3199757114
837786765
3670667622
161998886
2861912361
4204163231
1005039107
2006583951
3719042838
2527720039
4039344870
3378987707
4274073897
1963489149
1282074478
1535577661
1055091660
3252637756
2403356411
2605863449
2424864552
3836130064
4090305649
2799577106
3646999534
2796977365
2771199874
1485800956
1854702262
3662840866
1697098880
3511127965
774714601
3520101561
2424046834
456188390
623175576
887181846
1893926939
3125520084
1129662234
3024904479
278567962
3742229488
36889682
3536042815
2668637802
4256354337
3194488601
1719913691
1636837610
1900208982
3760205286
3547244584
2849451395
1172850903
1552863045
3365961111
2933324479
4146658747
150412323
2714503264
2799995915
2696837516
336198681
1848278374
762856362
1748792342
3933815188
2023740446
560767599
407787830
3419015471
1475752838
108908092
1435579801
1803009782
4272785802
1835199223
2647370784
4287485665
1588117151
3476647490
2462616940
1956093985
860461566
2700822020
3736071882
2116228041
1508891192
3614141835
1327177337
2141957343
807370837
1646439767
545800226
3995329461
3161357909
4103981128
740974353
334891219
3252803081
3573298171
455863643
2809160691
1000582854
692008454
20988516
4112336858
1513596893
1011149280
1140436198
1150097230
2308432463
1996341702
3238145349
3027291742
4079998229
4125744583
3585339390
607979434
444469884
2823332534
1218769729
3163928548
2462737022
103558446
484845341
1265222875
1496632936
1063587490
63296528
981837695
3367282009
4113286272
732363878
2296822618
2442913243
2760380828
3049989156
4290298544
3454536292
643592115
3226461240
4162122913
3568400448
1679274866
2988164278
1755709842
139704016
1965656469
3077296623
3461468081
2917842932
946425382
3396430795
1078127927
319416465
3116629440
976605810
2601018326
1820402123
2262452840
1299029481
1456423770
1230071360
2835364641
946640543
2370805725
3387465514
163025089
2976329480
2606793268
1805622656
2982368190
2969464708
1636767918
2608007275
1363182710
1545981684
2517425094
3838426372
2389605572
2477990588
249101298
849627206
3881924403
3203590582
1648941957
945519536
2135349790
462267161
1656111821
649519952
2673594716
4101425504
2183305563
1882227567
3412266631
897906431
965025033
1730445222
1601854584
1911277920
406694253
801652678
1687658690
1803541428
281673311
254899444
1168059101
2087065152
3569234337
1307996634
2713834745
2181011898
2516576253
3943770800
2156159407
3673075156
2368908316
3597704072
3790241209
3127449994
3561962594
338636881
1948763265
2461484094
566560519
3505088002
1131435544
1060128065
702704897
3901858901
2756108728
3072847140
1542206694
313506627
2209155601
3485991880
3509670060
2676312713
3118301595
1032786033
4040456731
3757544445
4288532720
24193231
2503784220
1821859840
1261923257
4051379296
3217192405
2949602636
2853573905
3514524970
4282072120
2373686984
1912160704
2692067446
1628688169
3742999123
1054347944
