258765
937849
1206572
2232779
2467726
4016512
5229203
7249938
7271933
8834995
9592498
9769907
11905177
13092616
15277373
16390758
17404875
17524406
20433909
23246367
24973791
25573786
27455494
30594482
32164648
32675069
33693852
33996125
34095468
34405724
36064975
39856842
39956216
40751036
40870576
41798996
42739174
45489122
45516881
48519122
49059762
53652739
54703919
54805887
57106113
57324144
58721163
61793385
63228756
64777141
67045567
67187668
67690305
69334260
69405541
69927281
71338397
71831575
72806383
72844743
73373370
75498926
79777267
82657431
86240581
87025793
87802485
88147442
89367063
90385145
90678715
92116587
92211787
92230778
93528021
93883555
94818898
96274855
96856670
98134170
102282901
103818070
104216449
105106402
106895306
107649562
107850072
108882548
109772529
111744234
111862449
115273497
116157778
116169180
117096560
117492001
117799930
119635348
120076070
120729666
122876939
123222021
124040179
124490150
125015472
125258548
125676229
126215246
126970837
127280721
128632123
129734570
130269961
130304051
131931045
132205370
136646342
137749433
142880382
146916597
147064271
147621184
147775838
148001089
148527584
148577856
149102514
149259164
150305734
150450343
150731903
152763008
153319939
153476150
153807237
155433399
156436004
156620336
156639870
156681535
157015126
159420923
162353402
164076309
166413242
167969604
169548709
169854992
171170900
171928614
173472708
173541204
173750530
174332695
175120597
175935189
176502728
179065307
179999673
180100310
181039308
182081111
182738750
183548716
183846956
186814515
190649646
191113412
192292103
192485365
192956411
193521867
193592120
194606290
195408148
197274296
197864673
198290388
198766322
200904402
201609690
203193659
203548965
204538413
205777171
205923831
212500021
212597135
214053914
214239732
215157279
216480658
217129982
217486616
217895592
218273179
219359580
219939175
221418231
222641464
222771527
223465184
223589651
223601328
225067455
225322099
226463835
227105403
227474966
229331116
229529891
230245384
230571670
230888848
232086384
232193569
232514235
233176401
233360836
233778661
235164922
235416330
235538859
235828155
238409718
240198061
241707379
242096209
244895243
246649908
246807294
251274553
251962054
255486477
256259673
256372411
256930378
257246055
258550070
258957425
259625869
259671573
260125877
261714746
262013376
262806045
264707213
265142687
266079252
266504761
266926951
271687530
272011225
272228247
272862842
273008838
276391180
276817103
277005435
277315920
279825019
279904854
279952901
280039026
281472111
283127382
283223480
283954750
285447941
285842505
287964690
288669906
291005767
294094622
295176176
295921621
296918369
298237672
298524945
299079523
299304304
299659225
300071480
300837832
301202099
301592310
302652309
303757337
305069210
305888989
308410496
309614477
311431020
311764697
313300604
316297075
319065121
320167303
322941868
324915987
325005779
326380907
326407605
326666678
326728090
328076288
329206949
331644809
333840218
334861526
335232124
335991722
337241672
337265151
339493987
339684168
339835012
342756680
345694144
346753907
347143065
347158389
350780681
353746073
354654839
357396639
357575906
358075909
358414052
359825421
360381949
364107118
364364279
364660423
366562412
367581884
368739990
369679954
369789835
370129202
370795852
371569141
371877777
372155010
372618668
373392903
374090499
374829076
375033654
375207665
376752434
380354074
380883977
382566035
382705851
383514298
384062410
385020370
386049952
388442658
389242628
390001316
390758426
390942592
393181983
395478134
396052649
397584336
398253047
398576416
399711440
399884999
400973812
401571662
404498834
406134721
406579611
408089033
409745793
410386825
410819506
411258098
411771903
414936851
414992946
415020082
415499108
415632621
415779578
416418639
418259166
418559780
418746352
418950684
419339885
419477816
420977161
423655302
425064443
427566206
428106132
432781021
433583374
437779721
442480746
442988229
443304929
443361931
445103742
445929840
446726140
449170553
449219993
449698963
451113636
451503098
453525377
454686080
457129890
457757066
458810077
460209293
460364160
460652446
462194514
462551879
463176481
465546836
465816915
466332052
466394311
466955174
467261588
468599102
468651035
469286991
469476840
470053224
471183991
471580782
475309374
477385428
480434075
481811361
481830301
481837290
485731533
486014322
487664408
489316812
489449079
490776821
491488285
493011516
494673310
495344465
495696751
495869663
496579507
496936243
497128995
497940362
498517050
498636078
498899712
499632297
502147592
502974864
506825840
509376862
510425339
510580977
510608180
513922593
516132565
516898951
518080602
518245068
518606659
520771956
524389920
524954890
525164212
528827958
529633970
530748490
530858617
531964514
532735202
536531446
537365030
537396725
537857958
537931538
538670720
538839669
540133313
540456724
541561087
541623670
542044026
545015137
545391928
545871208
546628414
549064896
549592493
549806018
549910531
550536666
551431499
551556838
554769705
554849047
555078782
555943355
559309223
559366233
559709940
561187814
565993074
567340536
568300578
569503385
569727035
570509117
571156085
572166817
572437523
575629126
575801422
578161464
578986554
580911383
583088300
584327804
585547483
586069314
586597975
587480511
588223980
590747059
591670043
591857200
592488258
593416645
594434401
596288453
597439943
601762977
601996195
605655273
608783450
611771423
612251297
612889984
613208671
613600918
613690610
616282399
616990329
618264285
618984814
619829045
620259296
620651231
624123912
624230648
626236720
627766656
629393577
630489085
630528301
634299843
634639813
638366481
639469743
639776227
640564190
642448518
642567845
643130376
643259109
643940485
645637032
645966824
647636925
648372448
649111930
652965175
653391256
653485324
655193917
655973961
656929555
656998307
658978276
660350001
660959110
663381484
665627366
665925671
666325468
667091840
667427684
668333866
670251104
670673716
670721968
673305816
674170942
674399947
675013819
675559312
677604728
678061205
678884321
682383467
684004319
684645493
685899452
687927213
688958020
690176558
691584392
693835488
693909633
695653126
695707864
697023424
697349595
699642462
700811786
701046430
701723988
702793041
703165038
703537187
703647092
703709075
705138084
705320234
705334306
705537084
706813936
708915596
710331884
710546735
710862531
710906744
712585431
713169567
715798656
721816917
722042529
723054502
723069068
723263317
723558168
724523617
724722102
724954348
725479408
725796765
726446907
726639821
729064913
731735772
734780064
735001825
735693690
737860117
738589403
739331059
739639009
741318235
743974671
744560259
745648606
746533629
750401096
752391088
753158875
755447592
755757893
757454535
757505068
757758313
759937074
760291404
760338975
761590741
762249671
762960432
764085778
765336710
765906260
766614780
767262654
767592046
767884713
768937999
769363412
769872978
770510792
772404548
776112392
779154030
780560577
781230538
784940406
786271662
787497264
788579583
789951837
790715782
790962273
791076476
791203211
792041979
793491715
794119898
794363089
794470024
796022268
798670190
799666849
801241412
803669689
804200304
805611335
806187342
807407741
807770541
808862030
811579306
811586639
812758146
813171974
813340028
815543772
817593548
817952670
822744208
822840763
822887095
827897268
829300719
829982633
830509350
831520302
831569638
832813929
833601185
835626588
836784511
838024999
839181731
839975737
840795412
844669780
844769234
844792352
845120460
846367853
846609431
846965121
848165710
849427928
849581726
850724366
854616396
855909171
855918804
857766753
859557336
859668659
859790845
860104042
860940828
862484486
862580862
862913340
863272840
863392528
863638880
864070525
864815020
865860889
866760325
867837747
869939725
869985247
870277493
871160602
871523169
872084977
872788435
873211318
874306492
878566211
879100286
879590090
882587058
882731198
882983234
884253401
885097200
888230975
888752651
889942288
891346640
892054239
893613643
895714675
896332881
897360946
897438423
897980338
898529456
898534021
899262150
899694089
901709918
901788113
904362617
906152749
908005727
909251577
910096788
911020566
912695727
914045512
921015335
921181556
921568414
921766465
921875073
923891946
923903643
925281697
926277384
930126654
930198356
930555146
932862370
935467594
936115585
938342020
938398193
939978643
940504608
941703914
941808474
943355762
945270356
946566097
946608560
947990263
948841247
949504797
949742812
950275979
952123968
952193345
952764901
953040494
954191724
954395521
955434198
956314998
956493551
957418937
957504903
957521368
959107724
959187749
962795629
964308098
964458485
964859854
966239989
966337665
966665903
968616774
969653790
970568784
971357855
971428983
975159217
977869742
980344638
981691216
982893406
982937076
985614828
985741883
986121026
987145790
987592211
988627602
988967399
989747934
992306403
993977095
995348973
996527972
996858719
996942842
997416509
998093692
998151637
999437936
1001401586
1002595069
1005119029
1005625008
1006093635
1007370478
1009666683
1010834352
1011554155
1012556380
1014281228
1014363499
1015776111
1015829204
1017048348
1017168617
1017964670
1018460578
1018549280
1018606404
1020196490
1021704365
1022249227
1023751997
1025438533
1025611784
1025894683
1028247968
1028273971
1028755476
1029491015
1030373271
1030398867
1032206920
1035186271
1035241007
1037572800
1039188703
1039670733
1040232939
1040506039
1040681873
1044224527
1045189700
1046029855
1046276028
1046287715
1047697925
1048557876
1048579295
1048655599
1049588201
1050345723
1051344058
1052039034
1052298949
1055409260
1055479070
1057420573
1058424275
1060768641
1062541065
1065615812
1066424207
1069887541
1071104598
1073525618
1077956641
1077989732
1079807694
1082067712
1082734645
1085233458
1086326969
1086566295
1086793617
1088087050
1088861258
1089441093
1090289487
1091157616
1092630740
1092979058
1093573132
1093919126
1094925126
1096153267
1096577584
1096810083
1097305566
1097733373
1100634521
1102106201
1103976489
1104018640
1104537113
1104761679
1105415801
1105748687
1106199105
1108644916
1108832328
1110543260
1110880072
1111026098
1113384303
1114026523
1114159934
1115938315
1120145024
1123467353
1125749096
1127001819
1127365028
1127928420
1131535529
1132086708
1134526377
1136534866
1136775998
1136778409
1137013343
1138779606
1139522533
1139542512
1139863586
1143363845
1144060982
1145345506
1145667415
1146042776
1146546356
1148686928
1149682845
1152433349
1154034729
1154392336
1154535844
1155536105
1157096561
1158342976
1158939569
1159349510
1160676958
1161192593
1161543531
1162083696
1163414558
1165441348
1167518457
1169424780
1173814706
1176410244
1177087876
1177499684
1177533204
1179593742
1180197028
1180603676
1183299324
1183458662
1187900640
1189062405
1189156062
1189976724
1190177377
1190718897
1191429402
1191773420
1191879003
1194032070
1195380214
1196799679
1196939584
1197086890
1201071085
1201519155
1201634024
1202764501
1203090082
1203465384
1203925207
1205063998
1205970760
1206315243
1207138226
1207689973
1208121397
1208330356
1209467573
1209923107
1211331533
1211852188
1213263504
1214167766
1214168772
1215795045
1215881310
1217071635
1217809196
1219144417
1219664637
1222300649
1223489184
1225002775
1225162363
1226563122
1227498941
1228676152
1230255736
1231286953
1232647333
1232892222
1235138596
1237082294
1238511594
1238863694
1239130811
1241210912
1242386345
1242815116
1244208964
1245751008
1247153926
1247512067
1250304110
1250832777
1252353919
1253250342
1253611230
1254239158
1254364771
1254841750
1256904138
1257099716
1257511160
1257835269
1258427392
1262271607
1262950137
1263914558
1265107395
1265525180
1266532118
1266760481
1271328982
1271516712
1271666449
1271838476
1275332463
1275515992
1279030946
1279062399
1279680499
1280120162
1280995040
1281231377
1282938535
1283095972
1283957354
1284708303
1285102297
1285578561
1287092022
1287629011
1287685866
1288549858
1288698275
1288704657
1290078891
1290113184
1290360000
1292237657
1293281373
1295338518
1296399484
1297224867
1298140438
1298941537
1302897398
1306371933
1306930090
1307542489
1308942037
1309010152
1310724240
1311246316
1311919890
1312582627
1312657154
1312719675
1313221105
1314385693
1314484582
1314496280
1314554272
1315537118
1316266560
1316954201
1320738704
1321914517
1321999245
1322499810
1324797300
1325256444
1328628375
1328841339
1328941009
1329970517
1331058823
1332470188
1332709025
1333051873
1336072422
1337352974
1337575969
1337935982
1339077865
1340482339
1340902470
1340951858
1341975907
1342341085
1342388245
1343017490
1343027675
1343473175
1346345263
1346456254
1348777778
1350198716
1350206461
1351349298
1351711743
1351843120
1352445558
1353617005
1354064477
1354577646
1354972026
1357108572
1360035530
1360177941
1360187788
1360634164
1362749786
1364198169
1364914288
1366236408
1366919617
1367279290
1367723263
1368624749
1369707164
1369763465
1371250414
1373236737
1374809355
1375631302
1376800792
1377540618
1377906647
1378391279
1381507718
1381611489
1383495965
1384127908
1384228547
1384699262
1387213090
1387500597
1389270988
1390653237
1391145148
1392544252
1393662326
1394076875
1394966629
1396385071
1396625377
1398373992
1398904442
1399208380
1399549949
1401290032
1402273942
1402922371
1402993083
1403283053
1403877638
1404480105
1405746157
1406600210
1407551849
1408247921
1409452490
1409858626
1411707574
1415122353
1415476133
1419019862
1420285171
1420734543
1421425935
1422242660
1424031549
1424075287
1424351955
1426002265
1430142246
1432143887
1433546029
1433928815
1434050437
1434438997
1435066918
1438679338
1438956074
1439059900
1441494011
1442920944
1443686019
1445571758
1446350853
1448625664
1450113238
1450886035
1452491285
1453421234
1453772004
1453990217
1454294325
1455183140
1456714843
1457935288
1458686133
1458689008
1459163773
1460530982
1462754839
1464676627
1466421916
1466771890
1466962088
1467315390
1468077148
1469593154
1471037645
1471477295
1472514905
1473145489
1477851425
1478127553
1479030213
1479765295
1480339997
1481110073
1483247750
1484018631
1486102970
1486823586
1488312307
1488568290
1488929848
1489339869
1492736323
1492825479
1493045875
1494336502
1497216615
1497610339
1498262174
1498677304
1500259501
1500565489
1501892063
1506052576
1506980587
1507910454
1508533723
1508992041
1509222199
1510891077
1510895003
1512282247
1512440029
1512953837
1513647857
1514958216
1515502384
1515693675
1516146292
1517708021
1518043119
1518092884
1518425852
1518757056
1519324009
1519520898
1519957916
1525917571
1526619428
1526759044
1527437980
1528921813
1529703886
1531285806
1532856317
1534195536
1535003624
1535427142
1535748567
1535817334
1535961924
1536577323
1536800002
1540946752
1543045976
1543458663
1544539247
1544839494
1546156395
1546204804
1549720754
1550234979
1550849399
1551251811
1552754703
1553375020
1554884589
1555052895
1563066026
1563593180
1563800863
1564085659
1565001312
1568452869
1568682342
1569727321
1570855700
1571072186
1572526973
1572761339
1574066051
1574385415
1574469421
1574847831
1577942664
1578641180
1578931866
1580089821
1580441559
1581323318
1581597354
1582347238
1582877094
1583271245
1583577149
1586379751
1587909022
1588277211
1588537927
1590661669
1592568520
1594076559
1594537334
1595017673
1595043940
1595362112
1596723753
1597185588
1597568534
1598049412
1599337536
1602617421
1602670778
1603392647
1605508359
1606209469
1606317071
1608256872
1609299347
1609805084
1612061219
1612187697
1612822743
1613765512
1613800049
1615074472
1616825481
1617285821
1618298261
1618545414
1619238291
1621577482
1621903812
1622491502
1622900579
1623260121
1623472372
1628698819
1629621095
1629763232
1631386158
1632209931
1633734383
1633765216
1634718733
1637775434
1638099112
1641199873
1641473469
1641589265
1642544731
1643420518
1644506890
1648227308
1651059924
1652036394
1652070169
1654205041
1655262947
1658114156
1659847559
1660790577
1661495038
1663280809
1664304541
1664357653
1664448117
1665555077
1666812401
1667012843
1669234893
1669559957
1670953175
1671577356
1671586002
1672640756
1673152726
1681338961
1683639504
1685293015
1685355696
1688497504
1692568739
1692921005
1694513711
1695114264
1696117611
1697224638
1699085654
1699817251
1701504410
1704527021
1704676591
1705252373
1707742035
1713832241
1714048655
1715063275
1715423193
1716071814
1716191345
1716341507
1716399957
1716440105
1717167335
1718066079
1719496655
1719686563
1721069109
1721777943
1721932603
1722756755
1723366102
1723893810
1724091364
1724721848
1725087658
1725091515
1726226943
1727430814
1728307688
1731535465
1732025498
1734141011
1734647449
1735727448
1735880688
1736187187
1738221680
1739208967
1739930142
1740534068
1740660722
1743543001
1744232874
1744386873
1745071615
1745519755
1746450769
1747778566
1750069432
1750429580
1750446129
1751528686
1752005185
1753082679
1754185424
1754229572
1754592856
1754903326
1755799027
1756023853
1757048489
1757118300
1758403764
1761499430
1761957541
1762416206
1762419728
1762562270
1764338952
1764655103
1764658815
1764765414
1765308548
1767302572
1768276661
1770535325
1771887748
1771930426
1771985288
1772511842
1773629161
1774855276
1775317120
1775890258
1778089631
1780325719
1780588095
1780997432
1782732570
1783553125
1784946592
1787835290
1788361754
1788758787
1789521210
1790319324
1790505374
1791159600
1791562684
1792884404
1793917714
1794261099
1794295222
1797154326
1797544302
1798216190
1798360827
1799699610
1800202504
1801342322
1802885538
1805592834
1808705481
1810011663
1811397966
1811640728
1811773561
1811841980
1812946459
1813193967
1814188272
1814484207
1814672899
1815972441
1818352758
1818789635
1819623523
1820902800
1820935422
1823236076
1823289831
1823737094
1824079127
1824343902
1825161443
1825873362
1827277200
1827713177
1828769711
1828907448
1829895866
1831419809
1832286222
1833876049
1835792833
1838007524
1838010646
1838273420
1839443801
1840200121
1840623367
1842298048
1842383494
1848612494
1849031814
1849804516
1849953688
1851236633
1851335166
1851592967
1851600940
1851789069
1852202853
1852649634
1857239162
1858361966
1858746072
1858796426
1862021843
1862026338
1862070189
1862366779
1862981864
1863208540
1868568940
1869049686
1869290845
1870766816
1871720072
1872388878
1872922322
1873255255
1873441086
1874929361
1875404883
1877616626
1877638249
1877702522
1878161411
1879137962
1879946668
1881234452
1881417528
1883025987
1883954262
1884864476
1885724979
1886991492
1888895269
1889449036
1889917622
1890252029
1890575011
1891443444
1892542861
1893929435
1895390444
1896676272
1897201908
1897308510
1897415969
1897908608
1898054913
1898175188
1898175334
1898288109
1901875426
1903445185
1904023622
1907506416
1909635411
1912070745
1913723904
1913838589
1914187839
1914284335
1914637305
1915947135
1917153183
1918431157
1921223147
1923756620
1924846525
1926508434
1927145912
1927924664
1930608186
1932963493
1933516765
1933991275
1935848693
1938305323
1938982405
1939009747
1940448975
1940713512
1940849645
1941347167
1941444199
1942016066
1942710526
1943930527
1944113920
1944720770
1944861299
1944929915
1945393810
1945638442
1945784445
1946261991
1947085252
1948556384
1948766063
1951146295
1953130919
1953763945
1953787068
1954554076
1955486213
1956642569
1958701408
1960067000
1960428495
1961753123
1964115257
1968195055
1971790651
1973254998
1975080136
1975229723
1975964567
1977416244
1978293592
1979909049
1979988065
1980017162
1980939171
1982122497
1982302362
1982943716
1985432821
1986951917
1988059384
1990215821
1990692132
1990825948
1991334179
1992723016
1994226226
1994925607
1996138730
1996231293
1996501655
1997705489
1998499762
1999288030
1999513914
1999724828
1999869265
2002891467
2003052673
2004045139
2005048783
2006427252
2006509415
2006606427
2007183752
2009401728
2011586117
2011749140
2016357964
2016509366
2017115372
2018931645
2019267319
2021333802
2022029641
2022820349
2023587119
2024424366
2025205139
2025239377
2025893874
2027255148
2028203701
2030693276
2030861594
2032393158
2032687708
2032935778
2034394791
2035288660
2035315097
2035741302
2035944630
2036187405
2036275339
2037324199
2037395026
2038483590
2038832635
2039073384
2040029994
2040091759
2041765571
2043092776
2043502767
2044008466
2044437098
2047468567
2047517678
2047852674
2048634458
2049072473
2049174815
2050234472
2051991280
2054770998
2055150740
2055377596
2056194522
2057020716
2058539997
2060782011
2061414991
2061565393
2062019969
2063359644
2065131075
2065398359
2065617067
2067717179
2068743502
2069628455
2070063696
2071429929
2071579650
2071875075
2078498976
2079447418
2080851439
2080867615
2081349172
2082356371
2084226460
2084489893
2084709422
2084822128
2085340841
2087232932
2087452394
2090299431
2091198424
2092205090
2092291527
2093883748
2094642919
2094820277
2095134392
2095259028
2095971934
2096087876
2096623245
2096909499
2097150847
2099860740
2100200690
2103374316
2106260454
2106307995
2106349190
2107679070
2108329277
2109790052
2111186984
2111979434
2112315120
2112816441
2112906772
2114002514
2114416302
2115149939
2115521563
2115584537
2118590474
2118656075
2120220280
2121450823
2121682223
2122512076
2123097229
2124460518
2125014543
2126512849
2126772945
2128747144
2129353079
2130513532
2130885645
2131938114
2132266376
2132268750
2134791441
2135817864
2137231421
2137599521
2138521463
2139766846
2140000434
2140459148
2145413038
2147557201
2148552662
2150079126
2152092475
2153166192
2155383129
2159173045
2159409155
2161874479
2163816132
2165027243
2165639404
2166397115
2166537905
2166668335
2167005534
2167772501
2172207542
2172455875
2172607231
2172975536
2174123714
2174820940
2180971757
2182772538
2182890485
2182972026
2184140655
2184341760
2185723319
2185782229
2186010087
2186534581
2186802651
2186832415
2187494786
2188776999
2188982945
2191598052
2192960605
2192998971
2193231102
2194355099
2195242795
2196591164
2197108317
2197530406
2198450892
2201451271
2203140605
2204340467
2204968319
2205189385
2205247999
2207208610
2207832010
2208418014
2210067059
2210771182
2211979850
2212116738
2213760006
2213941391
2214701232
2215219789
2215257888
2215290607
2215594410
2217615651
2219078477
2219293828
2222420327
2222856132
2222973313
2224453844
2225249030
2225645936
2230672795
2230736700
2231174288
2231501843
2232815582
2233746359
2235053403
2235616128
2235905410
2243219067
2243277752
2245592893
2245683204
2247832334
2248721443
2249208111
2250192168
2250675391
2252643373
2254296984
2256434984
2256818859
2259410779
2260214766
2264333186
2264834402
2268474533
2268475787
2269514892
2270118812
2270856364
2272239467
2273262252
2273441743
2274984936
2276059080
2276919395
2277510524
2277717932
2281282490
2283061434
2283739748
2284489359
2284689456
2286106628
2286991024
2287320180
2288626532
2288939759
2289015757
2289267776
2290924126
2292299708
2292909989
2293019039
2293231813
2293445172
2294461670
2295877956
2297462088
2298272546
2299161139
2299179709
2299918638
2301970577
2304548016
2305470079
2308007076
2308026512
2308659366
2310918296
2311142165
2311264032
2315674288
2320282367
2322152705
2322343170
2322566555
2322678946
2322747047
2323546904
2324330273
2326289947
2326611274
2328130886
2330432653
2333948685
2334838699
2335159674
2337681246
2337779054
2339047901
2340568191
2341260975
2342366213
2343027127
2345469313
2346035956
2346174790
2346950600
2347695284
2352377768
2353244252
2354346167
2354424004
2355837470
2355921657
2357383783
2358926887
2362127446
2362303520
2362476939
2364495507
2365953148
2366596290
2366628989
2368717424
2369711572
2372826230
2373572898
2374620219
2374653910
2375523037
2376763688
2379519958
2379825727
2381147589
2382937758
2385185968
2386801963
2387675641
2387992367
2388328310
2388729730
2390928009
2393160334
2393565768
2394039658
2394292021
2396627999
2397893724
2398204014
2399509830
2403223151
2403303866
2403878122
2405742166
2407374913
2407487335
2410686113
2413055425
2413467817
2414205346
2415410075
2416360534
2416450528
2418214641
2419882508
2420066416
2420213381
2422501515
2422642966
2422683980
2423304472
2423484773
2423562811
2423703274
2429191309
2430917454
2432722151
2432947569
2434311855
2435586737
2436334086
2436435284
2438664053
2439191189
2440288710
2440764296
2444699473
2444952493
2447354339
2447509000
2447771191
2449475914
2451384451
2451938328
2453390745
2454470889
2455060564
2458104118
2459102177
2459155214
2459713460
2460425156
2463067902
2464048330
2465858094
2466163356
2468451815
2469467981
2474020996
2475545348
2475556966
2477324675
2482489333
2482607201
2484302276
2484820597
2487402867
2487565578
2490659699
2493485106
2494308109
2497704708
2498642989
2498753527
2503233429
2504539831
2504810497
2505035392
2505345524
2506960469
2508999089
2509362537
2510157489
2510299340
2510410277
2510415680
2510562230
2511775254
2512572741
2514210989
2514436486
2515166536
2518479626
2519738695
2519811898
2520211290
2522015616
2522157748
2523912619
2523963701
2524269051
2524685668
2524997563
2527519185
2529293724
2529643859
2533930185
2534051311
2534074144
2534249035
2536810908
2536896850
2537114621
2537480042
2537763523
2537962447
2538097102
2538258705
2538573633
2540891998
2542162621
2542872506
2544016477
2544150704
2544591799
2545024939
2545709313
2546025186
2546353326
2546835029
2549076135
2550868023
2551366711
2551807593
2552275244
2553185881
2554582758
2555675654
2556359499
2556908417
2558034861
2558081730
2558306471
2559364400
2560954825
2561792923
2563778052
2566580225
2570074869
2571164778
2574473595
2576438756
2576599471
2577265857
2579918059
2582455837
2584734202
2585065070
2585128933
2585657439
2586869390
2588117821
2588420418
2588805041
2589126231
2590911521
2591984049
2592225980
2592348247
2593118402
2593363321
2595411830
2596369897
2598233019
2598553186
2598627983
2599356378
2599881846
2601392347
2601967501
2602869585
2605212089
2607683187
2608496086
2608536668
2608846320
2610017373
2610065307
2611147965
2611288970
2612140682
2612765161
2613004764
2614061731
2615374916
2616655172
2618245489
2620343453
2620358602
2621789306
2622023436
2622051694
2623399635
2623527278
2623722351
2624323522
2624951414
2625875626
2626562035
2627918422
2630292337
2631322365
2632791496
2632902740
2634415932
2635497093
2636579599
2637767890
2637779276
2638712263
2638845549
2640113776
2640204748
2640346405
2640727007
2640761693
2641068467
2641187479
2642162005
2642483829
2642852788
2643177346
2644439566
2645029884
2645915240
2649210901
2649215434
2651649899
2651935767
2651938151
2651958945
2652915651
2653326945
2653488110
2654041249
2654466894
2654568756
2659825255
2660111744
2660731028
2661738077
2662884269
2663294973
2663322867
2665220145
2665262523
2668493584
2669039223
2669194611
2669604237
2669902161
2671057344
2671683204
2675664519
2675854956
2678124499
2678708391
2680677717
2685514171
2686792930
2687239514
2687398631
2687519548
2693088311
2693914613
2694694200
2695431763
2697057747
2697262747
2698263695
2698397638
2698614443
2699342109
2700193894
2701292388
2701918752
2702486574
2703659979
2703931628
2705618070
2706669955
2707174855
2707197975
2707316479
2708251061
2711462810
2712941185
2713845937
2716215492
2717557343
2718183865
2719821698
2722706525
2723922170
2727047121
2728337892
2729210741
2729930272
2729983437
2730406246
2731566207
2731574260
2731807298
2732556522
2732960026
2733311859
2734324098
2734567926
2735911307
2739584729
2739668782
2741165167
2741205602
2741531677
2746164506
2746226861
2747805989
2749502384
2750525250
2751999054
2752615450
2752760736
2754070767
2754254076
2754565437
2754605876
2754637734
2754897538
2756983233
2760200573
2760727864
2762138077
2765057045
2765167102
2766841654
2767729217
2769220889
2771056114
2771217748
2771514171
2771967518
2772539285
2772551278
2774411146
2774603912
2774663204
2775879564
2776933941
2777617951
2777830018
2778401261
2779534486
2779607216
2781680781
2782850594
2784349537
2785316913
2785359740
2786019862
2786106402
2788674961
2788982504
2789630771
2790356034
2790545202
2793893659
2794718234
2797102107
2798541281
2798589655
2799554874
2800312904
2800986143
2804697890
2805530358
2806273058
2806830914
2806886071
2807308387
2807410430
2807589975
2809368429
2810281198
2810471519
2810585336
2812345512
2812495145
2813137594
2813558920
2815672073
2815775436
2817443991
2818772049
2819711009
2819923183
2820890997
2821108750
2824677264
2825237347
2825602548
2826119236
2826229154
2828780865
2830421799
2831027231
2832287465
2833151277
2834008126
2834471922
2834600599
2834665576
2836756742
2837533713
2838271660
2839068204
2841893648
2842072346
2842261084
2842646864
2842707630
2842731364
2843725929
2844401644
2844770679
2845171098
2846461567
2846713381
2846977464
2849751125
2850699408
2852495127
2852828356
2854738157
2854948557
2855682259
2857758573
2857763831
2858096478
2859301051
2861416588
2864982040
2866205753
2866730906
2867554635
2868946476
2869042308
2869065837
2869302648
2871717719
2876357832
2876657850
2877151444
2879531937
2879532840
2880837313
2881215880
2881222557
2882412929
2883519917
2884275392
2884546147
2885040427
2885660071
2886894614
2887021991
2887955345
2889059278
2889080929
2889694568
2891716163
2892461107
2892902928
2893046761
2894010891
2894371478
2895514192
2896818628
2896927959
2897089953
2899778822
2900645455
2901402710
2901858950
2904609032
2905370166
2905691133
2907908317
2908149495
2908908564
2909602731
2913417439
2913630978
2914810475
2915556055
2916224061
2916819348
2917724161
2919096102
2919440457
2921590582
2922524799
2924314672
2925319938
2925527060
2926947738
2927297859
2928321816
2928351030
2929393920
2929671013
2930347469
2931609695
2931858032
2933594302
2935055209
2936547300
2939120140
2940778649
2940849415
2941009574
2941122641
2941614877
2943084843
2943312135
2944043797
2947642523
2947690121
2947722506
2948303568
2949549246
2949583876
2952444232
2954888704
2956568085
2956774982
2958113862
2958516315
2961100899
2961505182
2962288860
2962624260
2962801076
2962971729
2963449582
2963453568
2964043648
2965418472
2966609888
2966792194
2967377339
2968099961
2968478543
2968688841
2970302722
2970810016
2971274220
2973410257
2975184853
2975662970
2976463410
2977828974
2978372575
2978569076
2979297418
2980942446
2981439232
2988417259
2989990388
2990328130
2991925974
2992081545
2995936736
2999823612
3000120203
3001000112
3001066451
3003089659
3003827146
3004012075
3006364474
3007134710
3007729702
3008072716
3009743105
3010757695
3010879945
3012820854
3014185681
3015327348
3018480130
3019217364
3019805078
3020800172
3022006367
3025203074
3025743796
3026261603
3026878577
3027063381
3027169469
3027712710
3027915663
3030461094
3030941992
3031075130
3032065119
3032276823
3034584431
3035157729
3036211619
3036916813
3037173798
3037518006
3037983828
3039394483
3039397596
3039967247
3040688246
3045385387
3045821162
3046393904
3046416748
3046710618
3048547961
3048953275
3051401020
3052707472
3055104041
3055338065
3056400711
3057197093
3057485092
3058108075
3058526845
3058946725
3060053829
3061466942
3062145656
3062244425
3064802993
3067437243
3067998708
3068322057
3072629201
3073542654
3074310378
3075140274
3075844577
3075914093
3077985435
3078947758
3079355585
3080941767
3082347863
3082363460
3082548493
3085115333
3085685365
3088986622
3089183871
3089410445
3090222281
3090790465
3091840246
3092473146
3094710545
3095143712
3095669297
3096344189
3096579879
3099683031
3100558818
3100587186
3102030014
3102898852
3107379048
3108209982
3108654789
3109986599
3110120657
3110901765
3111254107
3114392640
3115124534
3115286957
3115607135
3117185454
3117410595
3118001963
3118494222
3121600394
3122081701
3123845996
3125179858
3125430153
3126141323
3128028415
3130603476
3131086665
3131638107
3134311258
3134857291
3135296703
3135538181
3136342261
3139430273
3140394122
3140794971
3141734218
3142740304
3144101355
3145048166
3146273087
3146824853
3146964642
3148724978
3149806232
3154143844
3156857336
3157555415
3159035164
3159258843
3160557134
3162735762
3163310919
3164767945
3164945211
3166252842
3167647816
3168743704
3168931959
3169228248
3170891733
3171117626
3171486897
3171741697
3174531223
3174805094
3175492243
3175649463
3177432386
3180582576
3181113383
3185638018
3185689004
3186313261
3189289415
3189334588
3190381282
3190573411
3191279606
3193609429
3194540933
3195335687
3198361735
3199270508
3200168809
3201122129
3201515703
3201687104
3203289719
3205223450
3205833334
3207193810
3207631712
3208456477
3210068725
3213108715
3213119372
3214013289
3214188690
3214196479
3214197174
3214821289
3215429172
3218794383
3219503802
3219966572
3220455020
3223717009
3224145565
3224348988
3227599261
3227771604
3228049668
3229082292
3229444042
3230387911
3231296354
3231866334
3231970103
3232069038
3232258468
3232423188
3233842420
3234821512
3234981325
3238483122
3238932184
3240390509
3243325962
3243507876
3243979883
3244564122
3248413559
3249199187
3249797205
3250710213
3251057886
3252532577
3252576279
3252852692
3254396874
3255673339
3256167303
3256847461
3260013330
3260937500
3262358210
3263059427
3263845569
3264768853
3266253348
3266536218
3266871536
3267278938
3267947219
3268534424
3268956694
3269089580
3269659820
3269866547
3270308426
3270504233
3271336863
3272661991
3272803014
3273074473
3275044744
3275476412
3276665331
3276864016
3277775747
3279234280
3280229539
3282919793
3284227327
3284639306
3284670169
3284902602
3285275832
3287093208
3289117776
3289794233
3289801372
3290292146
3295077125
3297627102
3301111556
3303224963
3303274270
3304025510
3305213853
3306323217
3308137388
3312483654
3313724535
3314205877
3315661600
3315676064
3316472169
3316755027
3317351701
3319533378
3319700771
3319935149
3320784620
3321714567
3322147087
3322465206
3323144238
3323799290
3324279692
3325285722
3325619378
3327334880
3332749772
3333334155
3333460506
3334707717
3335099547
3335244601
3336011599
3337252616
3338488174
3338634626
3339889698
3340328116
3340824596
3341131412
3341522255
3342032585
3342576469
3344268594
3344457639
3344496182
3347774247
3348016475
3349787181
3351285491
3352492303
3352965214
3353044500
3353073991
3358447217
3359510536
3359819643
3359946742
3361151518
3361288222
3362555137
3362756620
3363351548
3364379885
3364790023
3366502919
3366861528
3367658468
3372786073
3374991850
3375110521
3375161395
3375939090
3376056841
3377135856
3378102654
3380523940
3382010892
3383920865
3385422376
3386230680
3387755279
3391102434
3391600618
3393455542
3394108314
3394480011
3397611319
3398190030
3398559857
3398832516
3398966687
3399540487
3400092771
3400588895
3402386060
3403153670
3403345696
3405273216
3406286736
3407985633
3408305429
3408983222
3409662469
3409747171
3411839522
3412263501
3412658581
3414006912
3415598663
3415843909
3415986964
3416584560
3416631596
3417392706
3419089179
3419116121
3419493110
3420378452
3421656116
3422710607
3424686523
3424792064
3425224695
3425348275
3425961292
3427779971
3429522337
3429590969
3432266010
3433755789
3433773756
3434089696
3437444810
3438485685
3438712704
3439458005
3440331442
3441681539
3441954975
3450162720
3451424426
3453940389
3454219245
3454276074
3454456395
3455449313
3456298164
3459512887
3459698285
3460789854
3462595927
3462994855
3463119776
3466113003
3470820938
3475459476
3476374581
3481768167
3483094543
3489819918
3491325175
3491347206
3492961522
3493236603
3493899866
3495688048
3499617920
3500132805
3501478770
3503384571
3507170579
3507962258
3511374696
3513049777
3514673844
3515317675
3517071230
3517838875
3518166548
3518924422
3520706372
3521905685
3522759778
3523167034
3524337924
3526447243
3527775041
3528368344
3528389548
3528910390
3529141857
3529168310
3529931043
3530765233
3531751075
3533128129
3535241211
3535763555
3536175900
3536641001
3538594692
3541352660
3541469279
3541527323
3542483857
3543390546
3543676533
3544159166
3548240541
3551277490
3552890090
3553400388
3554402403
3555544627
3556206770
3557209762
3557527927
3559243985
3559905537
3560725787
3561222137
3561507099
3562346707
3562800936
3563412295
3564996979
3566508277
3568746085
3569396552
3570037765
3570421087
3570785811
3571247957
3572923972
3573514977
3574144234
3575755294
3577508489
3577720130
3578342603
3580344861
3583540864
3583582407
3583667290
3585821028
3586187202
3586996830
3587583342
3591239175
3591637065
3594177427
3594582064
3595767312
3600802392
3602678928
3603238196
3603339362
3603772079
3606375086
3607185482
3607923330
3610663486
3612945875
3613264718
3613923795
3614894298
3616860272
3617913709
3618902483
3620388060
3620644104
3621416206
3623093927
3623807118
3624885203
3625154181
3627140294
3628151343
3628677961
3629364970
3630467433
3630618329
3630653151
3633012723
3633369966
3633721878
3633754226
3636269391
3639972391
3643953160
3644305872
3644314380
3646521207
3646565206
3646973120
3647729960
3648105673
3649007059
3649040160
3651985831
3653056078
3654337902
3654404720
3655452120
3656097478
3656269620
3656350491
3656597425
3657015693
3657128812
3658388421
3660389170
3660733710
3667611559
3668752600
3668985988
3670631791
3670778925
3671681320
3672561908
3673333982
3673522517
3675535270
3676752568
3678121518
3678517679
3678812730
3679474227
3680270635
3680642904
3681187633
3682061571
3682812131
3683136467
3684756368
3686288893
3687294337
3687923197
3688749519
3689426335
3689599140
3689892538
3691263200
3696611178
3697983252
3698709948
3700470594
3701958491
3701979939
3706134138
3707111847
3710142640
3710608936
3711095293
3712255969
3713557261
3713840346
3718998622
3719637076
3721133014
3723600231
3724590864
3725498247
3725501433
3726959640
3728486066
3729818976
3732406135
3733795936
3734700770
3735916018
3736157046
3736206691
3738152590
3738174364
3743306714
3743757482
3744422958
3744873575
3745153715
3746746843
3749131137
3750623390
3751458277
3751913680
3754157402
3756565776
3757938954
3758270674
3759542736
3760953344
3761907733
3762497909
3762506163
3764862700
3765790673
3766327611
3769087356
3771336833
3771964707
3774025917
3774096296
3774642569
3774994963
3778685846
3779298120
3779614020
3780206680
3780265134
3781873778
3782235149
3782862627
3786498482
3787118690
3787673322
3788657310
3789544201
3789949027
3790178948
3790373059
3790986076
3791192615
3792780283
3794025735
3796411930
3797423446
3797515785
3799849633
3800617490
3801370859
3803011748
3803918375
3804355300
3805082350
3805543314
3805847848
3805986208
3806409250
3806507324
3806902282
3807075018
3807374423
3807452352
3807777384
3808022692
3809925071
3810466093
3810881931
3812194099
3814867407
3816957055
3821207148
3821502549
3822814514
3824022278
3824419334
3825198693
3826202361
3829175779
3829915491
3831130790
3831832564
3831834539
3833684581
3834350188
3835381213
3838237700
3839535004
3840457842
3840846928
3841262750
3841318657
3841339441
3841753021
3842803276
3842869389
3844418326
3845040685
3847778868
3848177458
3848580712
3848805210
3849045265
3849286663
3849542382
3849617824
3850643428
3850804978
3856196019
3856604442
3857755794
3858806650
3859118288
3861181949
3862735640
3862830640
3862959186
3865475074
3865605145
3866090965
3866402724
3868236878
3868631868
3868767168
3868982028
3869414829
3870856435
3871290641
3871627438
3872271772
3872341981
3873501162
3873820831
3874175069
3874394721
3876700800
3879456510
3880059622
3880584831
3882152795
3883190540
3883470284
3885474320
3886594567
3889311188
3890299727
3891196977
3891812447
3892067683
3892298261
3894105207
3895500126
3895554800
3895919722
3896166536
3896504033
3896607828
3899412651
3900205908
3900441717
3901639822
3903114474
3903783960
3905519212
3906363272
3907058381
3907918236
3909410104
3911013345
3914922867
3914950743
3915429872
3924668591
3925851373
3926345023
3928177850
3929473066
3929532736
3931000549
3933671523
3934259627
3935808392
3939884840
3939965752
3940127065
3941031787
3941114708
3941605024
3941952119
3946713406
3947540455
3949614479
3952401613
3952496808
3952643068
3952707839
3955695966
3955963558
3957692233
3957915547
3962744493
3963305286
3965256576
3965813712
3966400222
3970316113
3970923076
3971047524
3971129001
3972847971
3973700215
3973786768
3974378332
3974913242
3975791849
3980614283
3981504918
3981879684
3985231660
3988177119
3988205935
3989289055
3989823962
3990108684
3990710193
3997650065
3998360846
3998474841
4000312464
4002942170
4006889992
4009485818
4009693274
4017800146
4018380291
4020718902
4021472533
4023862378
4025567133
4025682266
4027790631
4028376864
4030317318
4030570824
4030871164
4031306408
4031414071
4031741026
4032504845
4033313238
4033623309
4033772434
4034755372
4035946191
4036820992
4038425686
4039617629
4040682819
4042636645
4043397962
4043685851
4045342591
4045506953
4045589887
4045773559
4045952296
4047100413
4047423331
4047721502
4051386398
4051964423
4053151594
4054839434
4055383529
4056789719
4056857315
4057147883
4059806964
4060052370
4062437108
4062747819
4063180107
4067297715
4067781299
4068381062
4069327018
4073863852
4074381375
4074526580
4074550163
4074550638
4075045239
4075846649
4079250511
4079466124
4079588327
4086027151
4086828859
4087053967
4087876527
4092155708
4094340999
4094590053
4095246892
4097199609
4097809171
4097868295
4100981134
4102312882
4102379164
4103306871
4105308414
4107755739
4108625176
4112699017
4114736234
4115535142
4117948215
4118122400
4119037672
4119037712
4119299659
4120960645
4122268078
4122644535
4122959491
4123205436
4123584750
4125315681
4127318467
4127846688
4128009264
4128485406
4128574945
4128630501
4128669800
4129829233
4129945735
4131046166
4131297713
4131802701
4131933690
4132045729
4132357587
4133109475
4133589776
4134347714
4134379156
4134637779
4136080233
4136965115
4137266129
4137721089
4137899126
4138785707
4139375035
4140291141
4142974769
4145639199
4149518563
4150834195
4150883864
4151607503
4152480456
4153876863
4156365010
4160688884
4161014482
4161944644
4162399628
4167160583
4167789455
4168851827
4172304278
4173104230
4176169861
4177074109
4177894489
4177957265
4179692563
4180997678
4181815597
4182765245
4183349061
4184156284
4185326338
4185607143
4185794540
4186755767
4188590336
4190011053
4190558665
4194601383
4195477337
4196886806
4197191529
4197513809
4198128701
4198171782
4198363414
4199136538
4200431811
4200434584
4201206785
4201652199
4202502398
4203530707
4204635608
4204654668
4206556897
4207734105
4208070920
4209647067
4210216295
4210358361
4212460736
4213255790
4213356498
4216339740
4217524263
4217736905
4218792398
4220413888
4220732687
4221687490
4221808990
4223767010
4224407083
4224903173
4227720396
4229366876
4230146498
4233084809
4233330287
4233614226
4233740144
4234365626
4235870827
4238523138
4239746546
4239769322
4240535614
4240832416
4241294004
4242210526
4244315661
4244651628
4244772765
4245109095
4245435692
4246713517
4246880169
4247121994
4247658455
4250367393
4250865913
4252104040
4254130438
4255422130
4255667969
4256184715
4256249915
4258006377
4258035556
4259309278
4260227027
4260940980
4262464445
4262785294
4265164552
4265632651
4267942312
4268251149
4269521864
4270512701
4272253373
4272472420
4273944829
4275733540
4276340322
4279226711
4281424025
4281741068
4282135144
4282887113
4283340782
4285371578
4285943689
4286281893
4286730047
4287344375
4287892365
4290745827
4291474502
4291935073
4293180584
4293774403
4294375063
4294569798
4294822673
