348478
1297510
2124726
2326075
2381853
3066339
3520974
3885217
3987378
5970711
6067945
6374886
6376240
6554571
7306347
7821256
7979626
8223656
8433799
8461565
8769015
9234276
10765047
10771554
11112678
11461807
11613396
11903292
13769412
13800084
14830230
14843090
15157450
15176149
16724418
16867833
17344754
18470213
18780412
19485709
20693064
20920767
22180488
22407925
22881187
24139634
24478006
26799422
26811174
27605738
29437091
29465630
30012484
30372185
30538266
32632251
32876733
32920428
33259409
34805700
34893563
35665016
37464145
38320616
38519068
38560754
38811562
40943213
40943254
41548622
44055774
44513841
44712502
44841376
45043467
45171270
46223372
46572010
48271877
51661829
52204332
52709672
52985935
53083244
54451206
54837084
55644706
55651977
55675627
55804384
56426186
56921218
56990992
57502135
57671291
58668859
59324579
59413113
59953885
59975102
62606991
62835668
62855511
62860633
63055372
63241879
63959474
64155846
64855626
65025486
65545836
67353765
67596903
67747731
70118555
70463958
70683781
71163507
71359839
71685546
72330080
72954553
73455315
73897039
76197251
76489883
76740632
77155124
77804703
79050299
79795820
79941585
81402888
81545005
81750344
82348185
82968090
82969823
83938963
84693046
85172396
85220538
85448156
86468867
87263395
88285029
89334682
90209094
91333213
94660704
95210035
96797071
96815032
97587988
97664331
97845763
97986192
100183406
101754202
103261035
104770085
105870671
106013373
107683732
108205088
109214309
109844379
110164298
110991005
111055045
112497436
112565637
112738049
113722818
114528564
115180137
116091968
117296512
117327638
118195487
119104422
120836013
120895610
121129742
122534591
122548072
122739877
123807145
124707843
125010843
126250538
126408691
126845144
127593442
128660022
129924771
130325939
130328820
130770082
130887405
132205658
133853859
135149208
138265302
138768036
139148947
139255063
139297802
140356351
141144698
141280034
141711410
142003512
142247844
142664011
143300530
143446810
144018942
145585013
146316046
147246416
148114774
148467508
150605771
152562512
152794271
152842716
153657593
153743533
154832298
155111594
155173935
155337065
155927357
156688721
157379449
160049137
162114841
162141321
162977298
165430776
165493708
165683421
166327479
167176190
167484446
167823248
167951896
168085326
168775803
169644259
169908593
169940211
170144097
170389615
172120387
172678150
173084499
174524487
175739422
179732357
180256969
181220395
181703944
184200818
186517146
186833245
187242931
188284083
188515416
188594425
189221227
189388934
190182226
190216696
190847859
191241742
193924516
194688719
195129376
195132108
195458709
197048026
197866392
198404371
198564948
198571887
202016935
202321293
202883082
203102401
207538024
208077955
208184802
210883960
210912844
211307417
213334885
214135173
214138188
214769607
215728527
218477616
219331227
220506792
220910571
221293404
221866862
222161566
223546100
223935296
224613709
225505194
227158151
228421034
229244612
230859282
232433028
233340071
233352646
233632822
234762140
235662104
235912204
235937473
236670122
239639855
239822491
242647783
243548348
243848136
246072757
247700256
247752712
248898913
249002372
250475900
250600405
252058334
252341617
253462781
253691895
253902583
253988713
254274758
254518240
256037620
257983294
257990087
258273544
258305893
258583055
258739624
260713480
261220668
261247570
261857042
262218492
263395631
263451662
263550077
264607156
265301708
265367133
265462675
268206174
268254577
268258301
268708270
268740518
269052100
270012723
270457449
271230616
272106309
273981306
274627763
277717870
277855180
278239993
279390411
279396023
279571163
279730811
281433564
281453994
281951137
283249349
283755680
283915700
284028377
284183033
284632498
285562752
285576588
285603418
285709823
286583419
286897927
287074919
287390985
289021638
289065524
289412434
289574763
290335057
291870494
293631767
294955579
295334028
296974392
297860789
298124340
298218091
299035074
299114856
300322567
302814850
303181789
303800881
304361729
304383707
305186773
305187326
305286481
307001887
308321330
308689100
308993965
309906449
309921520
310325376
310870851
311618816
312432638
314046231
315084361
317859543
318417632
319132287
320064216
320810081
320821307
321981153
322324053
323196304
323521028
327488951
328083025
330795908
331072324
332367105
332512026
332897688
333000273
333549581
335243399
335608693
338527733
338914157
339183415
339483897
339607568
340459650
340810507
341287394
341289023
341369727
342268144
343342790
343624690
344007035
344056194
344885802
345661444
348103386
348481593
349010212
351036936
351143704
352728588
353447944
353546048
353954227
354354581
355335298
355699635
356182222
357508890
358129735
358443944
358745863
359615321
359964835
360178901
361815689
362857356
366981827
367479817
368279283
369258523
369378733
370176581
370298342
371370991
374212155
374447123
374871238
375973705
377477616
378115559
378403095
378872218
379437697
379889947
380455231
380736699
382450519
382539358
383880934
383930273
384290014
384471655
384943387
385649228
385914028
385933035
386088379
386096326
386379381
388476977
388804241
389326726
392409640
392515171
392903824
394172774
394660742
394665212
395249839
395436544
395587255
395592950
396213641
396301945
397247476
397969248
398517860
399064678
399546900
399627018
399643645
400262780
400833672
401306112
402163710
403683219
403774704
404442453
404918565
405167824
405470215
405808820
407587642
407845330
410399966
410836510
410957718
411788320
412652882
413440277
413992274
415852207
416061313
416134800
416907299
418785261
419316629
419324874
419735374
420513000
420594209
421572448
422850426
423298771
423334567
423730248
424289436
424951939
425540536
426400781
427649994
427893827
428301737
430927714
431322679
431646271
432353597
432563288
433283596
433333024
433540946
433577536
433645805
434757319
434894178
436674677
437240024
437276005
437677766
438786380
439054215
439090080
441051598
441139490
441582497
441980935
442237782
442738158
443036589
443156720
444350955
444367325
446343323
447114698
449183359
450250302
450378894
451858416
452020067
452177877
452287042
453111449
453199755
454157677
455858704
456456970
456666011
458656924
459035426
460986128
463302579
463533536
463705951
464209223
464653474
465156069
465719219
465897873
468081906
469646226
470693911
471307462
471671242
472252500
472962136
473594311
475394859
475957881
476026830
478001449
478579266
478876006
479621611
480591236
480686760
482292129
482313432
482639314
483139721
483670619
484187415
484477385
486755742
488596558
488839721
488987347
489169978
489508087
489957476
490143185
492567276
494844704
495134135
495164585
495220107
496737509
497213452
498054200
498416422
500854767
502452019
503497243
504125607
506237446
507968270
508558358
509169991
509341458
510021080
510191283
511071474
511082875
511812018
513066463
514686705
515625521
516203087
516527079
516754388
516929521
517291293
517914889
518043647
518246598
518343370
520313205
521357695
523137950
524233514
526885425
527007011
527241194
527260171
527281002
528138468
528610426
528880578
529143940
529973436
533567357
534915821
534918955
535829228
536862408
538447825
539449307
540842847
541043800
541638300
543847330
543917814
543932998
544492156
545034823
545637282
546294347
548241750
550073622
550250225
550582952
551011677
552178201
553772882
554290151
555475614
555512058
555911185
556513144
556588970
557363832
557440346
557480570
557764991
557812147
558241140
559053450
559790399
560533029
561751442
562667107
565437497
566830029
567196264
568586786
568720547
568908983
569030951
569275520
570016509
570410274
571686838
571951170
572882855
573940313
574688498
574946015
575244139
576037571
579252519
579585128
579594157
580494762
581634425
582018050
582398092
583225427
583442511
584808156
586282786
586698696
586749164
587102429
587272302
587360955
587865183
589357130
590530862
590614137
592063677
592539642
592797782
593662711
594968107
595548974
595731521
596977032
597199305
597383463
597545234
597777742
597917477
598269406
598384733
598615743
598685680
599306272
599681559
600140325
600667398
603661082
604641391
605017467
605155023
605297694
605522383
607213988
607431257
607972768
609311066
609857656
610240646
610379372
610411170
611646391
612041418
613181583
613234567
613582467
615140715
615824705
616595837
617374025
618235231
618663972
619268689
620181273
620416073
621836130
623936289
625302043
626798533
626869544
626891717
627640777
629479662
629870522
629947553
630216676
630497749
630710697
635275032
635652408
636403034
638121354
638785887
639441646
639809743
640499444
640894622
642628159
643744590
644755805
645398372
646514377
646731045
647268996
647689971
649228940
649264511
649945706
650244330
650663507
651176125
651246101
651269468
652700715
652706219
653049955
653137891
653172848
653917230
655774945
655871016
657298639
657734862
658166327
658211844
658250600
658884061
659385610
660393432
660498110
661710697
661726311
662470327
663393412
664464691
664764187
664882605
666774040
666902708
667840073
668495712
668723169
668917073
669229355
669895392
669928738
671253159
672676117
672955527
673111554
674457026
674904832
674938833
675389482
675538043
675732893
676904726
676991082
678138341
679856013
680596955
680726149
680853284
681082558
681584545
682564785
682624620
682966746
683022217
683044067
683049118
683061053
683949127
687000459
687156008
687442236
687638930
687697674
688962455
689073840
689451038
690136295
690972698
691127356
691503640
691512959
692210503
692469356
693561644
693717043
694064764
694918431
695956733
696750517
696866939
699829845
700602342
701310696
706367848
706717944
706749445
707564848
708045046
708508311
708530686
708788802
709216879
714890516
715026934
715553796
716182685
716183172
716203190
717392705
718041816
718874971
720545541
721365516
721575837
724044738
724562516
725616128
726183035
726304505
727206664
728683629
728735118
731961259
733787021
733885400
735254557
736035299
736209389
736854185
737136249
737235516
737338175
738394047
738877247
739134547
739989108
740215272
741090161
743325822
743871133
744772568
745090695
746959319
747389218
747815985
750113580
750472072
751477694
752661049
752712639
753136550
753456053
753527121
754710931
755259333
756110779
756237894
757717058
757894034
758412943
759045495
759143400
761323785
763637250
763871554
765698034
766069865
766510531
766875010
767538318
769330530
769406826
769929687
770026319
770773166
772727531
773099554
773732156
773864648
774000916
775431616
776642314
777374518
777615224
779099257
779887606
780864420
781112921
781142410
781872668
782983764
783325972
784459312
785392088
786110462
786253415
786259017
786285881
787225500
789108262
789354827
789908676
790297187
792701685
792931317
793760640
794583373
795139805
795244560
795927623
796065701
796369945
796703629
797109317
797859894
799003423
799387482
799901670
800804418
801346364
801580593
801757383
801807685
802206925
803145659
803696385
803839595
804210489
804332790
805685586
806134858
806271411
807515379
808157205
810257772
812501461
813193224
814814011
815848090
816042103
817007782
817784025
819780674
819995478
821085965
821099964
821484350
821677636
821849748
822009458
823253090
825926537
826541061
826591711
826648908
826902589
827785239
828812644
829202604
830586652
830661359
830839694
830851577
831119921
831387593
832299315
832431689
832876787
833099246
834011730
834188767
834416605
834495617
834593083
834601902
835725837
836391894
838032060
838191245
838304599
838704329
839350242
839676574
839991778
840155680
840870254
840936412
841043798
843008134
843363836
843401573
843414496
843699688
845942592
846393323
846591723
846691308
850212562
850648167
851626779
853170117
853460738
854125492
856136613
856653654
858243854
858401315
859549131
860248065
860992744
861341732
861766828
862055215
862056530
865188473
866270983
866591139
866830710
866910810
867025789
867932847
867973112
868724121
870017684
870814740
871270704
871633701
873777552
875119524
875195079
875304170
876824865
876847488
877773801
877878005
878926716
880136544
880438133
881032291
881087950
881114158
883731267
884220681
886143629
886577447
887474054
888849432
888922734
889078805
890825084
891323437
891464789
891564333
892945209
893026852
893532759
895195676
895726820
896049683
896360979
896728596
897214530
899052398
900880987
901447612
901801602
901870330
902349693
902614387
903176675
903941789
904239617
904523103
905318100
905428557
906108940
907786003
908017756
909772983
910384223
910905715
911029915
911617261
913569745
913607373
913656420
914235049
914410715
914902631
915204787
916933857
917356745
917862389
917972505
918141249
918674049
921108290
922210347
923702371
923877927
924364469
924674789
925100839
925207074
925681782
925816238
926361890
926429396
928036586
928378509
928391053
928523459
928821591
929751491
932566592
933360154
934239581
935988242
936107962
936810058
937270373
938935938
939776249
940225600
941459401
943836455
943973149
944144558
944346607
945066693
945461811
947660426
949515235
951524162
952572253
953687331
954353922
954902639
955268051
955425878
957948625
959334497
960455822
961347162
961778711
961933613
962530952
962565054
963164544
963561201
963687088
965183023
965383114
965754104
966324374
966502990
966662243
966862789
968657980
969515603
969811386
970343304
970603424
970615764
972464191
972553761
972867044
972884718
973167691
974655029
974859144
974941820
975089164
975435684
976271532
976278076
977116794
978419983
979066171
980370432
980749694
981421599
983500861
983980916
986671044
987224902
987888271
988556502
988737858
988863395
990708005
990923200
991915810
994445838
994757635
994969354
995680139
995784315
997481870
998158846
998485593
998724694
999423902
1000265819
1001304997
1002151158
1003201550
1006292095
1006425951
1006715238
1006963037
1008507844
1012438868
1012970515
1014284480
1015428351
1016095149
1017015120
1017160075
1017796891
1019554971
1020089628
1022439478
1022788033
1023514921
1025620841
1026038263
1027078112
1027560479
1028063321
1028114409
1028143392
1031538811
1031826024
1031829027
1031865773
1032691358
1034346999
1035589116
1035828089
1036268887
1036554110
1036931502
1037512414
1038594547
1040403024
1040875372
1041441990
1042687103
1042790216
1043336355
1043416472
1047660480
1048315673
1048554278
1049665447
1050649981
1050850963
1051087373
1051450175
1051773950
1051970432
1052877875
1053492509
1054685666
1054850005
1055336077
1056140362
1056322993
1056978780
1057836490
1058124911
1061208447
1061593024
1061668274
1062914543
1063494653
1063579758
1064507310
1065746040
1066364904
1067611360
1067882196
1068185107
1069471312
1069573449
1070271827
1071281290
1073041585
1073404151
1073917323
1074434937
1074566984
1074959425
1074997327
1075010748
1075095514
1075171746
1075430411
1075742112
1076098278
1079565402
1079721659
1080105376
1080234953
1081063293
1081235375
1082756779
1083044285
1083385813
1083725631
1083953903
1084273995
1084347165
1084605312
1084868100
1085250096
1086013249
1086106174
1086469261
1087422272
1087617012
1089189000
1091569544
1091764085
1092318189
1092796181
1093466509
1093823528
1096268186
1098081139
1098256688
1099619458
1099937371
1100665670
1100723068
1101037666
1101800321
1102165084
1102787671
1104214434
1106030294
1107263182
1107563653
1108080115
1108094537
1108439284
1108449774
1109307826
1110441609
1110452010
1111884063
1111906558
1112625641
1113007987
1114418318
1114900017
1115121527
1115736827
1116081026
1116235145
1117840890
1118841628
1118888810
1120163156
1123059703
1123717566
1125488584
1126460996
1126768747
1126808692
1128375146
1129289873
1130245329
1132061415
1133077801
1133180559
1133980552
1134471685
1135240491
1135741373
1136118502
1136773157
1136921432
1137768844
1141199629
1141830778
1142216437
1142583687
1144298552
1144308160
1144484636
1144566728
1145047111
1145492674
1146427883
1146898485
1146900880
1147440100
1147934657
1148348109
1149060991
1149064287
1149458897
1150957609
1151393843
1153180801
1153216878
1158267312
1158394919
1158893251
1158969781
1159347180
1162004799
1162844121
1162987873
1164000436
1164046013
1164414336
1166169460
1166398430
1166895050
1166935870
1167418694
1168059049
1168840244
1169707449
1170101226
1170157619
1170331593
1171792398
1173049615
1173637441
1173920841
1174397038
1174486747
1174816453
1177499140
1177613548
1177918458
1177928111
1178095295
1178685347
1178729407
1178975786
1179348299
1179427840
1180701146
1181204989
1182058983
1182422155
1182626025
1183031901
1183206169
1184774433
1185381705
1186167803
1186750255
1187421329
1187685987
1190065931
1190532828
1190749759
1191226242
1191612580
1191845585
1192440400
1192833678
1193559193
1193758947
1193877718
1195017903
1195317350
1195475682
1195525455
1196140009
1196150265
1196389227
1196433178
1196898510
1197686019
1197970073
1200501375
1200657062
1200746240
1200792209
1200839150
1202993667
1204681811
1205000077
1205832599
1206620542
1208059342
1208682585
1209055843
1209562988
1209781726
1211080285
1211827705
1212074362
1212690478
1213682400
1215826213
1216673503
1217011442
1217541116
1218215498
1218272102
1218783294
1219957561
1219973124
1220272903
1220689099
1222017048
1222789523
1223393670
1223758978
1224534379
1224847940
1225249192
1225919369
1226394770
1228594037
1228901298
1229345085
1229914487
1230235430
1230322028
1231815325
1231953155
1233690134
1234375462
1234386839
1234632741
1234886490
1238310965
1239015910
1239663642
1241472643
1241728064
1242130930
1244682875
1244952015
1246036833
1246446044
1247498924
1248274073
1248874812
1249270368
1249434721
1249920826
1250805033
1254054714
1254200123
1255259227
1255321540
1256512439
1256531435
1257367737
1257753524
1257963420
1258931479
1259001499
1261948837
1262539929
1263191459
1263348732
1265266035
1266644812
1266864783
1267212352
1267853752
1267928809
1267976701
1268583946
1272655237
1272973953
1273479683
1276486072
1277082664
1277906448
1278144153
1278379266
1278598027
1279100194
1279230965
1280119622
1280337453
1280632974
1280845369
1281108335
1281277841
1281469817
1281638907
1281707045
1284154164
1285958248
1286238957
1286668013
1287840015
1288549942
1288744707
1290436372
1290666499
1290813669
1292199521
1293857129
1294456187
1295249495
1295495185
1296055672
1296137018
1296914319
1297036396
1298098215
1299137964
1299947278
1300049263
1300548547
1300759299
1303245657
1303557249
1305487822
1306123321
1307003530
1307426352
1307444149
1307506732
1307760024
1308200994
1310293270
1310579430
1310810627
1311534429
1311674129
1313627647
1314270526
1314685594
1315282344
1315972355
1316048340
1316384652
1316648525
1317991144
1318251621
1318962064
1320166921
1320543419
1321784624
1321984778
1322512721
1322956602
1323927833
1324219831
1324785611
1324840398
1328577735
1328756752
1330267489
1330836271
1331419237
1332749147
1332958676
1333231033
1333772698
1334349655
1334598808
1335377060
1335408125
1335611184
1338174137
1338473371
1339241308
1340231113
1340982939
1341488096
1343701253
1343710848
1343975920
1344101000
1344665603
1346352390
1348184228
1349640727
1349676230
1349834257
1349910863
1349938360
1352842906
1353528088
1355530689
1355603121
1355790660
1355837344
1356085668
1357206046
1357448762
1357555649
1358263495
1359268568
1361481166
1361579737
1362632455
1362676366
1363082240
1363087037
1363596829
1363716009
1364111693
1364400414
1364908567
1365130786
1365685347
1366298032
1366717779
1366963306
1368963714
1369184214
1370024718
1370518893
1372471540
1372710399
1373196224
1373367991
1373481555
1373946126
1374403984
1374641770
1375342351
1375813371
1379293850
1381377438
1381519062
1384014137
1385545681
1386337998
1386338543
1386418223
1386567093
1387423602
1387914001
1388076043
1388659387
1389057737
1389825746
1390124527
1390219408
1392065248
1392448365
1393283413
1394757195
1396430791
1398902892
1399101034
1399219297
1400082151
1400147024
1400219249
1400277541
1400916954
1401239626
1401458569
1403292121
1403643856
1404886418
1404919876
1405206309
1408199399
1408932607
1409976750
1410684161
1411004787
1411273957
1412819461
1413015301
1413077983
1413883592
1414066511
1414345993
1414374099
1414389891
1414703734
1416890770
1418348401
1418569647
1419063077
1419797845
1420517548
1420536258
1421255941
1421436018
1421562872
1422243081
1422372332
1422669059
1422702215
1422754982
1423101789
1423613555
1424384882
1424621050
1425891167
1426711838
1427173842
1429004399
1430241049
1430493684
1432799055
1433183669
1434189865
1434291410
1434373439
1435133751
1435899136
1437075817
1437976104
1437990962
1440112509
1440143262
1442315078
1442444197
1443886907
1443907496
1447018614
1447030297
1448647636
1448773342
1449088204
1449586342
1450069849
1450452005
1451165148
1452163427
1453443479
1453630397
1453652132
1454711788
1455276665
1455330780
1455499826
1455835627
1456216012
1456338902
1456468215
1456646741
1458818248
1459286347
1459883425
1461726676
1461819204
1462899538
1463537136
1467151060
1467806308
1469908283
1470140218
1470366284
1471064123
1471661051
1471684522
1472186185
1472406859
1473552081
1474579294
1474759121
1475324256
1475489400
1475588216
1476158894
1478540754
1478989492
1479888241
1479996070
1481484042
1483146444
1483531420
1484904851
1485903603
1486749705
1487498085
1487720869
1488201609
1488265627
1489007138
1490181698
1490689268
1491042612
1491051798
1491734761
1492423056
1493464318
1493894932
1494227262
1495452082
1496081971
1496183352
1497078741
1500839163
1501050209
1501207095
1501537452
1502267370
1503460080
1504108440
1504606186
1505419906
1507962871
1507990593
1509176924
1509858417
1510108362
1510184355
1510385676
1510518245
1512101382
1512491566
1513053846
1513981563
1514129115
1515241505
1515341708
1517196957
1517502748
1518234676
1519115689
1522093687
1523888098
1524939358
1525740601
1526084985
1527500156
1528871243
1529813854
1530237344
1531284600
1531785451
1532418358
1533898996
1534414438
1536141677
1536630382
1537827168
1538819588
1539475967
1539619600
1539709659
1541032075
1542141679
1542196819
1542355749
1542744246
1543286941
1543584819
1544032999
1544497873
1544548494
1544815973
1545028910
1546353277
1546428691
1546641504
1547099459
1547544401
1547592798
1547748065
1549087473
1549136432
1549144882
1549601510
1550104794
1550428312
1551493332
1551678179
1552827989
1552906125
1553832910
1554511827
1554971191
1557259164
1557312261
1558387099
1558993877
1560233153
1561390463
1561395833
1563077716
1563275057
1564149621
1565185282
1566191253
1566590903
1568398497
1568891934
1571142528
1572517770
1572617345
1572635988
1573673858
1574185007
1574404320
1574588035
1574880756
1575306115
1575743024
1580690268
1583571938
1583632709
1584997945
1585013351
1585037384
1585185613
1586137304
1586491989
1586789401
1587129093
1587165474
1588278763
1588985149
1590310645
1590503616
1591943762
1593091019
1593321532
1593453120
1593524946
1594380537
1594667888
1594966293
1594971728
1595097195
1596563289
1597363405
1597602703
1599304773
1600013865
1601361500
1601873393
1602268375
1602283564
1602337699
1604045706
1605523389
1606261567
1606605860
1607694573
1609996231
1611021386
1611367269
1612844382
1613309543
1613921737
1614496778
1614660381
1614786977
1616874730
1617542648
1618048502
1618121101
1619780815
1620757136
1621518264
1622170361
1623251002
1623544050
1623628813
1625096617
1625493222
1627604269
1627886105
1628339743
1628417415
1629075186
1629104093
1629491686
1630376460
1630712047
1631159140
1631159166
1632170695
1632586746
1633017908
1634163297
1634312070
1635689300
1637341574
1637564077
1637601612
1638192527
1638638818
1638871910
1641259928
1641458778
1642323217
1642502511
1642849386
1644080875
1644983315
1645015921
1645341910
1647310334
1649752696
1651662967
1652190159
1652528183
1652801124
1652962416
1653093877
1653529286
1653615207
1654832769
1655889184
1655965344
1656676459
1657424140
1657884234
1658007591
1658944957
1659473077
1661122400
1662089512
1662769445
1663041029
1663323897
1665379894
1665973263
1666478366
1666752475
1667184416
1667717014
1667816387
1669122856
1669356255
1669536040
1669877953
1670255445
1670388504
1670705655
1670836159
1671119216
1672922623
1673943560
1675613269
1676108590
1676700396
1678012151
1679773400
1680407664
1680794329
1680889065
1683096858
1683702002
1683935480
1684278086
1686747369
1687306087
1687437863
1687792343
1688010606
1688287378
1688808351
1689878112
1689893329
1691335691
1692347015
1692939790
1694302145
1695061311
1695364846
1697770177
1699127978
1699391841
1699904736
1699966146
1701249821
1701258600
1702970576
1703223645
1703713040
1703834852
1704208180
1704394862
1710416268
1711224297
1711481161
1713866100
1713969801
1714684933
1716497278
1717119163
1717270961
1718972759
1720670355
1722037999
1722426196
1722428444
1723162143
1725099746
1725101813
1728336331
1728472503
1729663207
1729754540
1730657743
1731979449
1732023213
1732072050
1734443870
1734970281
1735532839
1736299807
1736737163
1737496635
1737705764
1737845287
1738099402
1738174539
1738186595
1738491209
1739446646
1739594744
1740430521
1741180697
1743319765
1743967595
1744252629
1745072006
1745801183
1745874577
1746619833
1747432218
1748074603
1748349458
1748550417
1748754743
1750002171
1750792067
1751631493
1751686874
1752909056
1753152298
1754368051
1755381648
1755621510
1756920564
1757254157
1758097760
1758448437
1759322687
1760171879
1761321345
1761426919
1763087573
1763114229
1763160582
1763596684
1763953278
1764426494
1765064509
1765867486
1766059987
1766340309
1768990068
1772009400
1773008627
1774506685
1774843242
1776178881
1776538854
1777148445
1777603044
1777968854
1778388819
1778531625
1780139913
1780238215
1781952479
1782363493
1782397939
1783013074
1783426015
1783875451
1785054372
1785418741
1786767637
1786956845
1787542710
1788520496
1790968088
1791866844
1792845176
1794054943
1795544638
1797729894
1798279249
1799863544
1799934724
1800779394
1801342236
1802031644
1802045369
1803939843
1804711375
1807182113
1807368789
1807529897
1807647376
1809950995
1810601624
1811573700
1811908273
1812388014
1813127826
1813344982
1814781952
1814940159
1814961693
1815025731
1815254973
1815515173
1816342491
1816388809
1816735164
1817528671
1819083778
1820807152
1821183938
1821398145
1822074748
1822684263
1825295510
1825508922
1826905699
1827395548
1827709217
1827842133
1827898565
1828285663
1829008264
1829022851
1830387134
1830784020
1830931409
1832977098
1833302513
1833929454
1835700017
1836328035
1837236810
1837653251
1838524911
1839439355
1839595450
1839655190
1839770299
1840053843
1840541722
1840707569
1841267634
1841888649
1841930858
1842019021
1842673317
1842756125
1842922552
1843316114
1843320649
1843469757
1843731638
1843870216
1844790066
1847791625
1848719480
1849018691
1850401515
1850587442
1851507228
1851671521
1853513053
1854723192
1855176312
1857633695
1858018395
1858346664
1858351637
1858493869
1859365873
1859693671
1860880774
1861564969
1861655734
1861928465
1864326082
1866631915
1868116846
1868864894
1869110102
1869192887
1870059918
1870061904
1870585818
1870915977
1870927519
1871840729
1872638493
1873317303
1873322680
1873557420
1874948198
1875127049
1875272819
1875817227
1875986393
1876284507
1876620236
1876767733
1878569851
1879181779
1879847086
1880147523
1881244408
1881905819
1882652246
1882732466
1883440459
1884096188
1884462396
1884523543
1887129837
1887484870
1887993530
1888322842
1888748872
1889015253
1889102669
1890600530
1890762700
1891548080
1891681366
1891703723
1892448597
1895086590
1896507977
1897358779
1898587041
1899879387
1900013540
1900568228
1901015709
1901158443
1901869178
1902507989
1903334208
1903920537
1904553689
1904712777
1905005983
1905318442
1905518953
1906121777
1907229843
1908415162
1909524309
1909636303
1910921988
1911894229
1912814216
1914814718
1915010926
1916697889
1917179961
1917429107
1918464417
1919031401
1919438699
1919553915
1921030052
1921574809
1924077745
1924092193
1925274131
1925883155
1926261603
1926814795
1929325845
1929746411
1930219690
1930472084
1930532839
1930577184
1930918224
1931180660
1931569363
1933785416
1934501590
1934714855
1934745889
1934781028
1934815419
1935740864
1936237330
1936855793
1937313888
1937925173
1938053427
1939347157
1939740649
1942871111
1943003692
1943204512
1944888084
1944970792
1945040505
1945082427
1945848088
1947343050
1947515568
1948432735
1949075774
1949664075
1949998117
1950887180
1951032456
1951136293
1951481091
1952007988
1953499085
1953502580
1953952519
1953974003
1954438607
1955275078
1956949448
1957028665
1957713381
1958043532
1958954379
1960009827
1960984810
1961210944
1962769839
1962921028
1963359331
1964137077
1964277230
1964292804
1964496006
1964570332
1965477882
1965741614
1968081538
1968202927
1968431068
1969529163
1969636340
1971490296
1972340410
1973017221
1973225521
1973760961
1973871036
1974209002
1975366828
1976201107
1976978091
1977272121
1977352842
1980546750
1980642177
1981541100
1982114982
1982420795
1982854748
1983103382
1983702357
1984022907
1984543181
1985066406
1985287755
1985314145
1985626802
1987679760
1988546365
1988722018
1989356021
1990065923
1991904872
1992547940
1993962670
1994271392
1995788881
1996010301
1996328405
1996536593
1996924482
1997900683
1998164521
1999660600
1999922888
2000178340
2000801141
2000963449
2001685793
2002744895
2003320303
2003465369
2004478704
2004831600
2005127949
2005377325
2006768486
2008964274
2009265227
2009872321
2011425231
2011929534
2012096331
2013894191
2014864328
2015696728
2018259344
2018829850
2019097056
2019369807
2019610980
2020750312
2021481311
2022058922
2023023422
2023718885
2025073455
2025164447
2025252682
2025307929
2025309873
2025535156
2025893804
2027168006
2027355753
2028117680
2028852396
2028889192
2029757677
2030372255
2030968106
2031049145
2031084438
2031154935
2031210868
2031489823
2031870482
2032831735
2033179483
2033222141
2034248627
2034356342
2034753269
2035131072
2035204989
2035972979
2036251204
2036260682
2036357154
2037596890
2037753126
2038109113
2038519365
2039215507
2039767202
2040106636
2040293059
2040710779
2041044350
2041514029
2042119355
2042372807
2042466559
2043049868
2043496420
2043868574
2043980275
2044900051
2045121942
2045818735
2046042618
2046140215
2046571760
2047621693
2049259429
2049579393
2049657822
2050045701
2050276160
2050882174
2051163878
2051205939
2052263240
2052805657
2052933884
2053256338
2053271509
2057659900
2058971850
2059764718
2060673182
2060726740
2062488758
2064059100
2064216965
2064948361
2066187779
2066528615
2067151684
2067443553
2068142107
2068573718
2069606837
2070169066
2070898805
2071796629
2071938262
2073560514
2075164700
2075696893
2077869590
2078201435
2079841053
2080403298
2080767248
2082212926
2082832176
2083290745
2083368905
2083923646
2084404462
2084488936
2086410080
2086540168
2088356086
2089706260
2091420439
2093144535
2093203217
2093395505
2093460611
2094919636
2095881830
2096001562
2096399034
2096696501
2097728217
2098836614
2099733825
2099899068
2099935861
2100727491
2100967848
2101804151
2101835018
2102191905
2102783717
2104322904
2106159929
2106554155
2106915450
2107381624
2107777160
2108073469
2108528474
2108760929
2108867400
2109386261
2112752548
2113051092
2113243078
2113356777
2113758195
2114440850
2114769107
2114920737
2116112833
2116536437
2117435304
2117625935
2118678181
2120274019
2120965534
2121701474
2121961401
2122465260
2124682517
2126455474
2127520595
2127548463
2128961086
2129381512
2129628071
2130289945
2130645778
2130660948
2131208560
2131933811
2132808134
2134905568
2135282396
2135565593
2138436422
2139506460
2140625693
2141632021
2142265336
2142583276
2142649729
2143005532
2143221466
2145076220
2145337166
2146195821
2146239387
2146280445
2146533991
2146585588
2147023489
2147440162
2147991735
2149471658
2149769315
2153049824
2153190168
2153359195
2154876658
2155091766
2155636041
2155986799
2158693170
2160200232
2160635359
2161249810
2161472770
2161530170
2161788775
2161997469
2162853070
2163526464
2163976772
2163985368
2164151275
2164499035
2166176899
2166459729
2167238571
2167885153
2168301919
2170121720
2171496877
2172659366
2174023858
2174141269
2174470696
2176171350
2176653880
2176699052
2180190688
2180816169
2181592854
2181843911
2184153185
2184777789
2185067929
2185285691
2185517411
2186684801
2187336971
2188125104
2188140641
2188194322
2188988499
2189615429
2190298819
2190525787
2190564314
2191297910
2191589489
2193075027
2193507500
2194066879
2195137086
2196837831
2198191088
2200212468
2200449434
2200528580
2200725845
2201226848
2201610549
2201650439
2203552685
2204278734
2206170760
2207863882
2207958891
2208156261
2209242404
2209360465
2211508751
2211963030
2213886518
2214095506
2214666148
2216299779
2217820293
2219261477
2220642857
2221413755
2221584800
2221818586
2222361478
2222914000
2222957831
2223862719
2224026935
2224282109
2224611133
2225248219
2226607292
2227413477
2227501006
2227778583
2232616999
2232671811
2233168559
2233311962
2233773204
2233837832
2233927447
2234602937
2234642496
2235704885
2235876856
2237467282
2238047963
2239213208
2240605139
2241026742
2241045037
2241268315
2242389264
2242504344
2242533090
2243552071
2243801234
2244685992
2244701893
2244969712
2245894434
2246441556
2246556119
2247782023
2248839777
2249469898
2249489190
2249628458
2253983822
2254923480
2255165273
2256007878
2256020571
2258709843
2260270894
2260353808
2261453533
2263096483
2263628179
2263915958
2263980016
2264565554
2267443254
2267830707
2268240346
2268356910
2269352458
2269928572
2270228349
2270701787
2271122762
2271242525
2273823079
2274009693
2274741245
2276794150
2278561455
2280290716
2280409782
2281125582
2281199916
2281770064
2282196368
2283475176
2283674861
2284964347
2285458035
2286070218
2287707847
2288212222
2288243969
2290047254
2292712135
2293155675
2294202540
2294309080
2294828802
2295016548
2295098912
2295772514
2295786625
2296638288
2296794338
2297697904
2298986767
2299585558
2300951375
2301508120
2302523803
2303111914
2303142894
2303447877
2303451924
2303796686
2304658936
2306318160
2307545720
2308771561
2309554310
2310694220
2310900033
2311513025
2312190542
2312291938
2313344561
2314226193
2314444504
2314517163
2315956407
2318145263
2318851331
2319781179
2320054868
2320957814
2323729292
2324196282
2325015845
2325063569
2325400175
2325659438
2327292410
2327294791
2327878434
2327948746
2328175779
2328238948
2328302897
2328773845
2329279986
2329802542
2330220667
2331030391
2331257446
2331892011
2332023666
2332571172
2333751867
2333958389
2335914529
2336543764
2338950829
2339274985
2339295147
2340402356
2340907997
2341091117
2341400211
2341906421
2342366050
2342480257
2344357476
2345184903
2346504321
2347048160
2348133593
2349674710
2349996185
2350567995
2350767191
2351593438
2352487568
2358149132
2358544063
2358816625
2359348253
2359423259
2359448858
2360768323
2361567678
2362802391
2364496779
2365584995
2367066943
2368348954
2368416447
2368535866
2368619756
2368713718
2368963751
2369040118
2371371211
2373320256
2374623843
2374955910
2375171847
2376902646
2377749768
2379305469
2379566165
2380011460
2380231666
2380251363
2380402132
2381762863
2381876875
2382055352
2382870329
2383177521
2383207105
2383589685
2385615890
2388197504
2388674955
2389057643
2390445047
2390721184
2390967399
2391009386
2391383235
2391880375
2391903590
2391943792
2392323282
2392489254
2393746131
2394871442
2395199392
2395333331
2395952003
2396079721
2396243804
2397129515
2397487994
2398144608
2398334689
2398588105
2399666568
2399715310
2401203856
2401532882
2402333010
2403641830
2404018986
2404603300
2405255290
2405851827
2406548190
2407664357
2408519204
2408919969
2410189029
2410518056
2410635971
2410669679
2411214209
2411936770
2412310136
2412824580
2412888623
2413491464
2413772015
2413836998
2415609385
2415825204
2418415349
2418499359
2418652619
2419691074
2422131335
2423190684
2425419770
2425640967
2425794250
2425940413
2427657639
2428001560
2428290740
2428671329
2429006810
2429287622
2430855470
2430958286
2431271825
2431284815
2431408102
2431614876
2432173604
2432182975
2432247724
2432296921
2432570877
2432654386
2432875612
2432952315
2432974052
2433370670
2434184594
2434985389
2435443045
2436087527
2436909918
2437433027
2437744417
2441152385
2441573095
2441716299
2442005571
2442112113
2442903540
2443390572
2443989285
2445120609
2445914480
2446274215
2446557202
2446905301
2446932725
2447641012
2448100293
2449454156
2451183223
2452679486
2453368435
2454060589
2454619011
2454768281
2455193168
2455420429
2456558379
2456597341
2457477131
2457863308
2458519668
2462056679
2462220750
2463467164
2463706930
2464288551
2464418116
2465642092
2466770950
2467888362
2469005389
2470224151
2470257929
2470314240
2471225582
2472620790
2473012356
2473850002
2474397308
2474423652
2475120844
2475601361
2477062856
2477507738
2477935810
2478121941
2478548985
2479171754
2479521713
2480326776
2481218767
2481820795
2481833782
2482368776
2482492515
2482849051
2483406898
2484186337
2484563707
2484647166
2485044138
2485677294
2486032835
2487423513
2487595398
2488280162
2488911361
2488920147
2490670106
2491879770
2494075571
2495391644
2495418665
2496817725
2497768967
2499783679
2501118153
2501272368
2502571422
2504587700
2506554604
2506828763
2507078722
2507272278
2507916566
2508083275
2509122876
2509292993
2510784774
2512504002
2512629591
2513388157
2516103021
2516180445
2516471681
2519646279
2522728266
2522984186
2524521945
2524694025
2524860890
2525122527
2526255869
2526279312
2526645632
2527197608
2529018975
2529605569
2530480464
2531223052
2532040807
2532786542
2533239973
2534381882
2534401010
2534544080
2535540666
2535716333
2536741987
2537505153
2537646553
2537742236
2539192476
2539384019
2539929192
2540367715
2540747569
2541234705
2541858733
2542318062
2543013776
2543459694
2543692335
2543704233
2543912006
2543932108
2544505642
2546038855
2550446165
2552308997
2552403263
2552782338
2552846041
2553429998
2554061477
2555363583
2556048136
2556393132
2556420159
2559021687
2559648509
2559765030
2560767766
2563433447
2563781278
2565527951
2566267576
2568747103
2569150084
2570220272
2570432035
2570946359
2571420164
2571995235
2572002091
2572816762
2572911568
2573041627
2573070748
2573849297
2575493745
2576155503
2576960027
2578373016
2578759465
2581003276
2581843967
2581963918
2582483957
2583690583
2584199574
2584224280
2584574750
2585382276
2585622667
2586228477
2586297322
2588430468
2589841514
2590103683
2590328368
2590384460
2590641219
2590643493
2590984712
2591972545
2592008920
2592150745
2592742059
2593653681
2594547750
2594803150
2595636347
2596243175
2596301027
2598915155
2600638111
2602107893
2603156375
2603759659
2604786462
2605160211
2605193711
2605465062
2606284368
2606289291
2606868217
2607137307
2607350604
2609882030
2610242352
2611042333
2611272563
2611310558
2611961939
2614985964
2615706314
2617198722
2617966057
2618348877
2619603286
2619890843
2620044036
2621274245
2621735847
2621829381
2622128807
2622964101
2623012482
2623393968
2623667588
2623736687
2624916326
2625278066
2625570943
2626289709
2626959610
2628620025
2629197233
2629774941
2630020936
2630561913
2630680909
2631446869
2631729391
2631791875
2631833763
2631967582
2634019027
2634200766
2634404455
2634815025
2634940741
2635062713
2636385852
2638186292
2638470428
2639135869
2639485638
2639936278
2640041437
2640084471
2640352427
2640634105
2641915042
2642102564
2642174611
2643423527
2643744844
2644049370
2644051361
2645066003
2646554253
2646890536
2647071064
2647081965
2647199161
2648790417
2650403195
2650615620
2654031332
2654793876
2654834447
2655888074
2656436833
2656816526
2656871975
2657995293
2658557090
2658599797
2659052381
2659767035
2660106349
2661032170
2662667878
2664618935
2665202946
2665663372
2667718037
2667861472
2669678305
2669938376
2674718064
2675551201
2675826632
2675937588
2676469467
2677307896
2678976460
2679043836
2680087390
2680314359
2680567385
2680589824
2681709801
2682016871
2682026749
2682199942
2682641772
2684631342
2684757999
2685113583
2685619248
2685705391
2685734302
2687284976
2690009836
2690167818
2690216613
2691068432
2691268505
2692699709
2693478723
2693964107
2694288916
2696095830
2696929967
2697335322
2697486516
2698959794
2698981605
2700324636
2700893805
2702141262
2702570035
2704050015
2704084791
2704588698
2704943442
2705355900
2705827182
2706232187
2708109733
2708835333
2709493315
2710011324
2710011761
2710913967
2711071499
2711943020
2712268861
2712623501
2713956697
2714750072
2715136359
2715933145
2716331174
2716690036
2718411995
2720383144
2721736788
2721813174
2722078875
2722203277
2722445899
2723046813
2723884680
2724085582
2724533489
2725477228
2726399822
2726620698
2727659342
2727857298
2727922885
2728363823
2728431964
2729381252
2729535532
2729980062
2730165171
2731566015
2731632281
2731944327
2731950625
2732439906
2732475081
2735161180
2735650170
2736451085
2736507704
2736922036
2737276532
2737800447
2738876192
2740604165
2740890927
2741366027
2742166295
2742386429
2743071222
2743518378
2743522974
2744919574
2746090487
2746485556
2746511808
2748383563
2748871393
2749101735
2749767563
2750067084
2750336851
2750860522
2751655104
2751901993
2752327240
2753135705
2754380248
2754821598
2756402243
2756409579
2756410127
2757869961
2758542196
2759115687
2760519408
2760736731
2760916506
2761071905
2763362990
2763459011
2764498520
2765059664
2765299308
2766903827
2767038828
2767772907
2769302116
2769577432
2769651764
2770092517
2770439583
2771137966
2771472195
2771730649
2771794498
2772337919
2772496854
2774030555
2774167493
2774657142
2774802103
2775108499
2776557445
2777788642
2777803546
2778095096
2779197731
2779398771
2780200489
2780526800
2780806721
2780972716
2780999587
2781440883
2781556365
2782139250
2782628778
2783067115
2783379883
2784220551
2785873153
2787499075
2789661047
2789938099
2789995146
2790381933
2791056246
2791163401
2791661905
2791908344
2792037907
2792781592
2793552677
2794021627
2794107586
2794398028
2794518066
2794701742
2794905643
2794987118
2796922856
2797738998
2798037255
2798330484
2798622186
2798636269
2798829070
2799400768
2803527979
2803629063
2803955556
2805186655
2805844163
2806052801
2806638714
2808052989
2811626614
2812349644
2812864428
2814592729
2814803805
2815248585
2816003564
2816383463
2818374383
2818563652
2819288480
2819373524
2819876667
2820375655
2820569140
2820742340
2823075750
2824196311
2824340537
2825545970
2826236660
2827638189
2828171146
2828384849
2829056071
2830089266
2830406973
2831087654
2831412234
2831698415
2833561454
2833593200
2834277900
2835222019
2836391641
2837532968
2837542097
2838383776
2838645511
2839009925
2839182649
2839324823
2840808573
2842718960
2843791198
2843959721
2844086786
2844936942
2845390805
2846159288
2846857632
2847158603
2848256882
2849808955
2850025333
2850104748
2852318939
2852710784
2853262442
2854058128
2854504787
2855068027
2855521189
2855639456
2856146164
2856589649
2857372060
2857376430
2857737877
2862438089
2862555408
2862750066
2864033381
2864190450
2865710506
2865737051
2865859103
2866689197
2866821373
2867121221
2868423086
2868561576
2868566563
2869054317
2869111479
2869829608
2872152770
2873088053
2873716331
2874148877
2875613058
2876011623
2877121555
2878209854
2879693846
2881025988
2881546557
2882483057
2883092258
2884641303
2885330146
2887283139
2887496062
2888524468
2889722585
2890074125
2890126383
2892565979
2892845743
2893716604
2894027412
2894107645
2898056658
2899206701
2899777355
2899924920
2900350770
2901016058
2901589384
2903584863
2904636646
2905444691
2906961826
2908267237
2909295241
2909551584
2909928488
2912038543
2913062231
2916055742
2916062618
2916295498
2916786436
2916848739
2917660774
2918722753
2919362534
2919946568
2921053578
2921950158
2922939897
2924006599
2924103540
2924814968
2924914364
2925361583
2925734022
2925993805
2926495103
2927006698
2927087182
2927500807
2927564507
2927657358
2928630960
2929026740
2929433594
2930251205
2931437549
2931995300
2932081733
2934070887
2934120758
2936682024
2938072933
2938394074
2938469999
2938625325
2939028832
2939289865
2939687219
2940288644
2941209386
2942569837
2942691985
2943735782
2943979284
2944013469
2944514779
2946218932
2947173454
2948012274
2948074632
2948230890
2948253257
2948847456
2949905123
2950201391
2951121926
2951825652
2952304868
2953440518
2953474438
2953783942
2953922911
2954353227
2954385904
2955289865
2955335557
2955541092
2955799212
2956256419
2957067307
2958389747
2958391268
2959182524
2960602557
2961194392
2962619798
2963519598
2963922489
2964281396
2965313497
2965642342
2965655086
2968063993
2968827561
2968859764
2969217210
2969322092
2969585860
2969655374
2969746708
2970332558
2970556542
2971179490
2972298736
2972896042
2974841903
2976208552
2976458853
2977949837
2978845144
2979116080
2979233838
2979506304
2979763968
2980524736
2982061569
2982778481
2982914159
2983855068
2983898180
2984005113
2986099757
2986154571
2986984150
2987487459
2988005141
2988374512
2989141571
2989367865
2991196565
2991811948
2992700620
2993411623
2993764066
2994146374
2994327397
2994559188
2995433651
2996158904
2996314320
2996497712
2999085713
2999682409
2999849421
3000605135
3001547085
3002102229
3002216487
3002548333
3002549380
3003195915
3003446447
3003456069
3005120505
3006338478
3006910869
3007072305
3007447952
3007636521
3009829449
3011296373
3011681015
3011878832
3012586702
3013231273
3013963685
3014798331
3015284990
3015293381
3015434484
3015709566
3016505000
3016710483
3016947176
3017155636
3017958893
3018080453
3019702879
3020869291
3021073101
3021284025
3021636232
3022470325
3023536897
3024499334
3024519759
3024863600
3025176693
3025315190
3025867022
3026655131
3029700294
3029722828
3030330098
3031025120
3032804354
3033410881
3033726036
3034652469
3034909647
3035129556
3035770142
3037787117
3037930630
3038040929
3038275486
3038275896
3039181646
3039497808
3040065386
3040343948
3040574962
3042419003
3042913728
3043593292
3045348347
3045385961
3046282667
3046694336
3047354582
3047418755
3047582111
3047724500
3047957259
3048392269
3051129125
3051683723
3051768405
3052191583
3052243081
3052899278
3053237209
3054462887
3054924946
3055320603
3055445361
3056222148
3056733882
3057049328
3058454156
3058508220
3058732551
3058807439
3059987168
3061405170
3062584579
3062688544
3063931079
3064968674
3065659508
3065799353
3066714376
3066914806
3067575727
3067885520
3068609112
3068675361
3069178395
3069608088
3070710979
3071018233
3073496315
3074045519
3074065459
3075185968
3076455800
3077451763
3078631423
3078938505
3079024434
3080050040
3080341889
3080646642
3080856504
3080936604
3081579759
3081860982
3082044096
3082298441
3082973099
3083575561
3084644421
3085567483
3085974468
3086541783
3086846590
3087908012
3090143305
3090235499
3090663498
3091527714
3091562016
3093344630
3093546149
3094067331
3094284361
3094623572
3095138033
3095641097
3096316085
3097282505
3097362798
3099142380
3099181912
3099517964
3100438164
3100560074
3100601270
3100699413
3100880539
3101129126
3101154997
3101373231
3102103691
3102149424
3103589120
3104783447
3105930806
3106008689
3107635429
3107941707
3108095443
3109155074
3111117347
3111629072
3112443614
3113777697
3116362078
3116703515
3117183516
3117386781
3121617359
3122475960
3122998246
3123978234
3124118562
3124834868
3125092779
3125250034
3125626771
3126412502
3127388804
3127476238
3128117699
3128988523
3129195115
3130799184
3131275485
3131575698
3131645922
3132523188
3133019920
3133225890
3134446197
3135617275
3136489808
3136512312
3136663372
3137553749
3137748561
3138699576
3138741241
3138758618
3139246648
3139515240
3139671632
3140175662
3140394616
3140720743
3142204281
3143285804
3143956282
3144821415
3145928360
3147163892
3148651617
3149500708
3150643930
3151798629
3152836621
3153096608
3153975788
3154351998
3155576140
3155656335
3155743180
3156400753
3157573049
3157650453
3157925060
3159601193
3159982070
3160294172
3160695674
3161566600
3162063392
3162618211
3163075726
3163111850
3163415079
3163851973
3165104117
3165191854
3166612227
3166943904
3166953029
3169162261
3169363638
3170282442
3170775573
3170955733
3172542115
3173918285
3174395328
3174858754
3174950871
3176336164
3177473919
3177713936
3177736588
3179214411
3179267558
3179840206
3180268838
3180656275
3180817174
3180972583
3182007650
3184569861
3184660425
3185165787
3185569531
3186149236
3186673868
3187445277
3187506332
3187687340
3188372800
3189141471
3189613587
3190337290
3194263940
3195547037
3196367253
3196512038
3197116609
3197637516
3198252257
3199244518
3199771621
3201625228
3203067263
3203508004
3203987019
3204198461
3204307662
3206624291
3206822353
3209404019
3209721728
3212318003
3212507685
3213376888
3213470094
3214080747
3214506046
3214912466
3215005323
3215353698
3215354521
3216522699
3217108655
3217171182
3218347605
3218504872
3219951887
3220445038
3221797060
3222345809
3222587588
3224989317
3225705987
3227864423
3228494770
3229194444
3231933319
3232133707
3232279579
3232301360
3232405617
3232765184
3233464908
3234258386
3235919706
3236076673
3236987472
3238389796
3240656809
3240738683
3242234718
3242313904
3243554061
3243556943
3243736576
3244834760
3247180181
3249883844
3249942153
3251734781
3252789138
3253108937
3253200277
3253851224
3255027234
3255118766
3255751426
3255956725
3256669644
3257172287
3258482877
3258742823
3259000268
3259569905
3259659321
3259682518
3260045181
3260375885
3260688019
3260761509
3261963695
3262122958
3262316719
3262468792
3262547846
3262885988
3263499523
3263930238
3265486426
3266041584
3266091204
3266145370
3266677960
3266733807
3267583102
3267757610
3269242579
3270413196
3270438988
3272766141
3273178407
3274201433
3275297757
3276099730
3277916788
3278374990
3284996463
3285875884
3285963072
3286197443
3286705173
3286911892
3287384182
3287956064
3288714475
3289187066
3290858733
3291947615
3292142457
3293710733
3295280264
3295890824
3296017182
3301132521
3301279107
3301369883
3301537619
3302906532
3303672011
3303850757
3304123871
3304189239
3307497704
3307776485
3308351076
3310407142
3310539673
3310939556
3311035706
3311364374
3311656990
3311984795
3312154035
3312640024
3315217067
3315975441
3316675133
3316912813
3319968942
3320887879
3321099252
3321965820
3323731818
3324194335
3324296847
3324834473
3324861842
3325043291
3325333073
3325522644
3326443902
3327960359
3328460904
3329067689
3332212979
3332419036
3333746286
3334307459
3334803160
3336890901
3339364338
3339960372
3340629270
3340751823
3340968517
3341622231
3342056477
3342453075
3342844871
3342943391
3343411197
3343504780
3343701595
3343745749
3348255646
3348649038
3348761367
3348972764
3349114457
3350012810
3350205286
3350372293
3350766648
3351356805
3352239524
3353594071
3353703232
3354460898
3355978321
3356179533
3357197392
3358081691
3358232355
3358833119
3359360074
3359692337
3359838762
3359920169
3359949688
3360412066
3361168960
3361275571
3361372530
3361501208
3365750795
3366138509
3366561201
3366851214
3367518413
3367794596
3369155280
3369427433
3371236613
3371834336
3372150460
3373646698
3375556430
3375571210
3375631407
3376481136
3376780826
3378527330
3378534781
3378934794
3379379024
3380905500
3381665941
3382085535
3382951388
3383382960
3383642622
3385395440
3385981889
3386639281
3387629325
3391446202
3391718148
3393409257
3393819930
3394740563
3395822268
3397206401
3398081104
3398590990
3398970529
3401672499
3402276061
3404899979
3404960492
3406173170
3407694759
3408932962
3408934373
3409109383
3409148678
3409168878
3412136439
3412481777
3413806601
3413877432
3413881737
3413895169
3414675793
3414879022
3414982998
3415310997
3415663768
3415966838
3417196785
3417995121
3418014377
3418576678
3419910881
3420194937
3421212914
3421973523
3422327775
3422339740
3423184239
3424087976
3424782237
3426259590
3427030831
3427414656
3427552751
3427835835
3429054692
3429550882
3429686867
3430138536
3430152334
3430909628
3432108122
3433152562
3433608028
3434030452
3435840434
3436427470
3436477551
3438635192
3439097831
3440085433
3440567427
3442950341
3444101739
3444861927
3444911314
3446163770
3446216122
3446363726
3447083363
3447843968
3448065413
3448322992
3449048053
3449139988
3449502420
3449882442
3450614204
3451729517
3453798851
3455443235
3455953516
3457015916
3457105876
3458815543
3458982552
3460318742
3461463626
3462518525
3462624775
3462682170
3462852260
3463605814
3463785942
3464252846
3464480022
3464690382
3465269497
3465370051
3467563577
3469835733
3469843905
3470058266
3470249588
3470767892
3471203964
3471476567
3471945772
3472658450
3473103280
3473184150
3473731391
3473806826
3474063449
3474233479
3474995415
3475044618
3475985486
3476205922
3476719118
3476791525
3476892069
3477677772
3479273251
3479496018
3479755970
3481587596
3482282725
3482327884
3482625942
3482817669
3483417782
3484265785
3484977161
3485125844
3485198216
3485822952
3485895708
3489600107
3490019276
3491813379
3492068052
3492286388
3493692446
3493980264
3494373095
3495111111
3495182648
3495201047
3495822133
3496104340
3496351422
3496810254
3497873382
3499875997
3499933877
3500898992
3501831008
3501854841
3502414678
3503602494
3503985309
3504034333
3505101450
3505756675
3506325345
3506429692
3506601411
3507441254
3508693601
3508706624
3510310800
3510998351
3511104030
3511266834
3512098733
3513716388
3514957787
3516243832
3516435005
3517491451
3517998037
3518317707
3518333160
3518494274
3519266321
3519714526
3520048209
3523365856
3524295103
3524789206
3524835622
3524871672
3525639360
3526012246
3527262505
3528121619
3528500124
3529451229
3529699788
3530154597
3530225867
3530377266
3530677440
3531655467
3533109291
3534623290
3534893091
3534950336
3534952115
3536419173
3536965703
3538930636
3540833075
3541034469
3541095514
3541383557
3541918021
3542512261
3543039841
3543326944
3543847430
3546114497
3546725226
3548434620
3548739274
3548778481
3549295631
3550335571
3550970141
3551983719
3552371459
3553004346
3553607113
3556240127
3560358133
3560414604
3560683491
3563640107
3564345769
3564374427
3564634918
3565055579
3565637336
3567855687
3569803317
3569869009
3571000706
3573083978
3574042667
3574423369
3575539672
3576138046
3576536423
3576994442
3578072564
3578115408
3578552559
3579583698
3580650606
3580794979
3581035018
3581123392
3581484723
3581522690
3581925474
3582661030
3583136872
3583401515
3583422065
3584394792
3585143197
3586840378
3587603671
3587961768
3589967908
3591964005
3592000518
3592291944
3592305888
3592595579
3592889490
3594251351
3594584230
3595061946
3595601982
3596075423
3596168098
3598917435
3600249223
3600849145
3601302195
3601662527
3601995033
3602063498
3602644356
3603831124
3603846601
3604660977
3606288085
3606636801
3607418074
3607540004
3608886588
3611376318
3611567160
3613722064
3614166530
3614702147
3615175941
3615275318
3616163404
3616492636
3616876077
3617226700
3619387795
3619498179
3620106080
3621050969
3622135423
3622921164
3626485971
3627942796
3628028948
3629565343
3629791050
3630744868
3630941341
3631589384
3631847405
3632152912
3633124946
3633771427
3636999680
3638657750
3639068274
3639215077
3639759269
3640002835
3640335808
3640808740
3640876406
3644419620
3645558550
3646202077
3646791131
3649561353
3649627241
3650050690
3650750878
3651105238
3652139651
3652781547
3654370507
3654462516
3654605632
3655705948
3656510400
3658142588
3658758870
3659440611
3660888777
3662738910
3663939839
3665042024
3665310123
3665753558
3666504415
3667036743
3667164125
3667904107
3668221709
3668497690
3668932338
3669667882
3669705831
3670714177
3671763460
3672319957
3672829426
3673302989
3673783791
3674161224
3674265282
3674418000
3674922932
3675673687
3678262470
3680815411
3681445528
3682452059
3683527526
3683819914
3684001090
3684196098
3684796996
3685289568
3685673308
3685834385
3686058646
3686105602
3686210183
3686492492
3686861416
3687978922
3688196756
3688365181
3689042476
3689483903
3689911727
3690149956
3691412979
3692833433
3693420434
3693564791
3693609300
3693966406
3694834579
3696059804
3697419140
3697736737
3697786423
3699638579
3703237821
3703266142
3704402478
3706182986
3708510316
3709544347
3710396524
3710498423
3711093243
3712101448
3712466388
3714011603
3714019783
3714197954
3715040572
3715332900
3716013018
3716138264
3716712803
3717092068
3717716541
3718127845
3719714273
3720110765
3720144655
3720509018
3720920870
3722903157
3723243203
3723807945
3724563283
3725403692
3725850090
3725942614
3726145165
3727439829
3728696370
3728846240
3729825599
3731227859
3731277012
3731583792
3731619844
3733075977
3733581354
3734220307
3735068104
3735181653
3736373105
3737024403
3738577455
3738881590
3738908278
3739174982
3739181278
3740136255
3740508651
3740635411
3742627106
3742749763
3742911321
3743112679
3743893482
3743947006
3744639948
3746511652
3746698641
3747343768
3747611856
3748164892
3748729677
3749256156
3749587981
3750157295
3750964053
3751354581
3751868437
3752736988
3752821435
3757562477
3757753112
3757793870
3757878834
3759166129
3760676394
3761201870
3763114481
3763769001
3764033970
3764338920
3764876608
3765158761
3765432033
3765448432
3766916206
3767921873
3768289588
3769284999
3769556158
3771728868
3772305680
3772536312
3773039386
3773364950
3774077231
3774354526
3774473451
3774629896
3775017353
3775323158
3777700148
3778066642
3778731006
3779378146
3780691333
3780793996
3782633345
3782851707
3783545121
3783786611
3784366542
3786164307
3786388520
3790056901
3792356631
3794104460
3794898977
3796029917
3796547323
3796603747
3797619842
3798349957
3798523013
3799036692
3800963440
3801025246
3801060326
3801204745
3801295641
3802213649
3802988416
3803030982
3804212554
3805416026
3805846881
3806243113
3806870189
3807242492
3807423433
3807460049
3807872225
3808478002
3808952595
3809309431
3810090571
3810886403
3812226253
3812331845
3815001639
3818680231
3819002463
3819670493
3820120161
3820650649
3820840951
3821574148
3821984834
3822145858
3824033295
3825017978
3825205088
3825302192
3826454468
3826762692
3826838371
3827861567
3828026722
3828057253
3828788670
3829670049
3829708328
3830983010
3831952757
3832875480
3833026442
3833920313
3834145971
3835133524
3835134927
3835235983
3836447221
3836467268
3836512359
3836875525
3837166101
3837574901
3839056591
3840670096
3840713251
3841431708
3842006742
3842413973
3843475659
3844009737
3845775638
3846777542
3846912064
3847061721
3849299334
3849747783
3851010427
3853413258
3854226871
3854878961
3860121811
3861717492
3862786324
3863254952
3866987737
3867043742
3868145335
3868865050
3869305910
3869711631
3869808699
3872023979
3872389965
3872812306
3873111122
3873254934
3874607226
3875038378
3875097468
3876063596
3876446154
3877623104
3878062286
3878376285
3878426959
3878443256
3879531003
3880344543
3880823925
3881424352
3882320811
3882622501
3883631054
3884020858
3884350213
3884629344
3886084039
3886333117
3886482468
3887358331
3888782584
3889801927
3890505541
3890626767
3891187383
3892096128
3892529833
3892674026
3892749972
3893542393
3894051980
3894063575
3895435123
3895891437
3896486292
3897055283
3897614190
3897668958
3898248815
3899226731
3900738092
3901380460
3901640306
3903275020
3904741210
3906565452
3906793344
3908818230
3909432575
3909873410
3910272677
3911056202
3911387052
3912057260
3912959592
3913134848
3914048194
3914356167
3914724871
3915130091
3915322816
3915754839
3917918318
3918582953
3918949378
3919425798
3920375459
3921457341
3922593163
3923106353
3924534767
3925184871
3925305672
3925408484
3925585945
3926377743
3927092691
3927254190
3927324084
3927942315
3928425994
3929582170
3930157782
3932368872
3932614435
3932719429
3933191913
3933237744
3934005423
3934380552
3934721166
3935206387
3935564883
3935788322
3936920420
3937630916
3937937430
3937982152
3938466033
3939696656
3939717515
3939828203
3941271982
3941924150
3941973700
3942089666
3942501652
3942796049
3943002096
3944631855
3945503880
3945763770
3946146566
3946544551
3946857104
3947128369
3947292629
3947719962
3950934196
3951020355
3952245690
3953524418
3953617751
3955422396
3956059470
3957810229
3957820672
3958604759
3958649573
3959577223
3959865949
3960216908
3960510335
3961392752
3961474360
3962048950
3962707623
3962935231
3963156913
3963676343
3964079576
3965562301
3965940874
3966417024
3966506975
3966770998
3966836377
3967744750
3968139881
3969620302
3970014402
3970504493
3971429776
3973459383
3974300556
3975711062
3977085950
3980027967
3980074531
3982518302
3983441901
3983977589
3984595044
3984597699
3985230761
3985248749
3986101932
3986931889
3987975250
3988403117
3990322779
3991156924
3991615729
3993499233
3993751412
3994050067
3994998947
3996061112
3996973539
3997440791
4000799735
4001966237
4002170570
4002859169
4003524551
4004064922
4004204987
4005643026
4007052998
4008595998
4011077291
4012273648
4012474117
4013632981
4015381264
4015493277
4017948540
4018804716
4021515181
4022549504
4022756611
4023735262
4024925768
4025041624
4025634686
4025763168
4026771121
4028367621
4028905761
4029178901
4029904669
4030082845
4031819677
4033809218
4035397286
4035435728
4036043260
4038210310
4039120424
4039401627
4039500803
4039545171
4039905784
4040187106
4041179602
4041217571
4041503487
4042020331
4042274076
4043134990
4044569864
4044960816
4045419631
4045623125
4045826453
4046259572
4046699178
4048211718
4049263036
4050600269
4053640174
4054890533
4055852665
4056351979
4056498929
4057946993
4061936761
4063180227
4064488424
4064552544
4065118289
4065118316
4065985066
4066776083
4066898349
4067039455
4067879302
4068077244
4068410496
4069225295
4071435982
4072049001
4073412884
4073449286
4074426037
4076509541
4077282340
4077642939
4077827098
4078008850
4079139060
4079644277
4079688167
4079777411
4079808269
4082423972
4082547702
4083074180
4083197758
4083545426
4085965939
4089474545
4089789842
4090216693
4091713366
4091889998
4092816115
4093282016
4093567138
4094703873
4096541292
4096719436
4097029329
4097164731
4097807029
4098040307
4098537018
4100993998
4102354141
4103514715
4104438237
4104693939
4104775623
4105398545
4106504985
4106986559
4108333274
4108600469
4109179265
4109630994
4109721306
4110044154
4110421123
4112507818
4112719261
4113144576
4115378292
4115758664
4117205720
4118161580
4118419696
4119280939
4119855095
4121051253
4125252344
4125266027
4125599415
4127052505
4129160782
4129581682
4130222434
4130720566
4131216206
4131985296
4132000444
4132066053
4132333470
4132569423
4133765289
4134288138
4134697140
4135289650
4135485576
4135779414
4136856936
4136952859
4137233900
4137573563
4138865630
4139279981
4139446784
4139462263
4140419079
4141564715
4142709696
4142815350
4144191010
4145603833
4145694832
4147443239
4147751770
4148067915
4148436724
4149873112
4150323305
4151973336
4152864720
4153776408
4155795073
4155830477
4156100186
4156164147
4157018121
4157778126
4158911740
4159981161
4160499453
4160635949
4162015767
4162129825
4164194094
4165380633
4165634161
4166267783
4166754512
4168460128
4168502764
4169065328
4169869819
4171615570
4172239629
4173044487
4173206010
4173635738
4173860805
4174067027
4175454643
4176764871
4177382628
4178009411
4178023996
4178525827
4179713012
4179856246
4181241059
4181699182
4183241272
4183402891
4184903144
4185108362
4185602930
4186735272
4186830008
4186887438
4188186803
4188290912
4188731050
4189754435
4189755648
4190074585
4190104725
4192846333
4193510413
4196071976
4197087495
4197441859
4198692864
4198718228
4198938418
4201292891
4202110494
4203816319
4204349974
4205326630
4205853264
4206014845
4206728533
4207564772
4207623700
4208943735
4209611423
4209926337
4210757762
4210831582
4211531378
4213053756
4213983871
4213992461
4215994610
4216866635
4217428679
4218871873
4219873997
4220277514
4220427388
4221060431
4221293796
4221975425
4224958739
4225102674
4225240912
4225385061
4225488718
4226494674
4226582433
4227316820
4227410082
4228104519
4228305797
4229269540
4230268354
4231495114
4231534114
4232146286
4232585641
4232828841
4233187589
4233236522
4233376373
4233591010
4234948300
4235154481
4235718012
4235793151
4236245931
4236388004
4236924529
4237573646
4237879454
4237908525
4238273964
4239261484
4240578947
4242146601
4242182042
4242874698
4243384994
4244265708
4244696948
4244759690
4245981722
4248360263
4248721578
4249938628
4250808891
4251199863
4252254974
4252286356
4253360197
4253441976
4254225532
4256223005
4256415090
4257034474
4259182870
4259249486
4260978355
4261276656
4261476435
4261479990
4261968090
4262016300
4263550039
4263820286
4263849010
4264520442
4265176449
4266277319
4267207821
4268654281
4269321425
4269370825
4269952861
4270281269
4270811077
4270969204
4271485650
4271488162
4274369760
4274452589
4274698256
4275272582
4276858324
4276885792
4278755899
4279004721
4279613334
4280624581
4280630366
4280668662
4280830208
4281597994
4282191211
4282210026
4283106083
4284008585
4284734862
4285888985
4286592667
4287442453
4287711598
4288014940
4289137533
4290791311
4290900987
4291951492
4293191914
4294804114
4294849443
