257046
1412199
2151438
3428859
7363881
9569533
10212293
10629314
12302457
13789023
15850073
17803511
19253062
20988516
24193231
25223349
25888109
26879332
30559482
33070763
33506087
34698168
36889682
39143998
40584314
42177760
42736538
43824298
44214642
44584800
46798185
47794273
53220439
53886649
54000378
54902102
56744643
58212327
62097947
62233965
63296528
63560849
63738424
67738270
68840316
70578043
70975880
71983084
74841238
75415036
75539640
76660435
79429330
80498260
81538538
81834657
83016647
84349642
84494465
86672949
88566518
88620583
88855377
89224358
89794398
90939636
91644111
93184458
95710961
96664133
97024724
97740156
99174183
99705925
99917088
101606419
101635436
102551217
103558446
103669811
105733201
108908092
115198083
117440903
119608362
120518883
120738807
121408123
124725305
127778792
129376209
130408382
130870822
132171012
132237409
132443520
132783089
134807246
139704016
144282866
146206501
148533790
149102546
149860087
150412323
150549852
150772353
151834961
156658808
156930334
158309638
158754666
158931314
161232356
161565345
161998886
163025089
163078866
164373207
164641482
165472197
166720052
168919582
172604810
179885278
180076335
182132593
183036757
183587316
183903329
184428327
184779393
185621237
187327263
188082532
189707768
194189671
194932726
196696014
198468769
202429410
203981245
204746026
206867008
207437142
208384542
212109141
212839554
215690818
224096413
228922165
229855197
231348570
231412953
231822547
232625660
235716495
238702168
243277797
243591558
243716163
244305933
244406629
249101298
249350064
250903338
252493825
253581474
254899444
256945262
260709312
260983502
261119923
261340063
261637097
262391292
262657295
265701956
266411651
267575990
268785207
270290255
271497500
273861174
274090901
274663113
275680966
278567962
279754413
281673311
282756324
284594586
287488046
288094564
288709572
290131564
290512955
291045193
292645775
293610449
295455649
296784939
299286995
300773212
301378641
302551881
304307096
305183643
305678160
305931404
308683500
309036905
309426563
309735905
311548871
311827045
312772338
313506627
316092843
319416465
319642401
322027216
323539364
325310207
325708188
327791367
328011890
331512441
332250628
333451996
333539128
334182695
334891219
335255072
336062466
336198681
336457249
336544734
337281354
337757219
337854855
338536526
338636881
340122641
341180242
341934126
343166006
347606303
348149923
348647476
349295549
351031326
351826969
352062069
352189906
353838339
354423409
354949390
355474463
357175047
357260690
359478090
363565037
364000827
364435346
364591161
370833680
374724140
378350449
378856316
380535821
384660901
384759046
385714573
385834730
386482940
386901969
387092095
389075220
391897368
392988029
393901480
394823645
397664941
402061621
404655587
404670714
405388371
405567665
406694253
407363181
407787830
408109791
409584359
410304211
412114443
413044751
419612140
423004394
423324212
425869426
426599060
426853239
427585019
429074726
436613349
436764524
437122338
437351499
437529318
441330318
442212154
442363705
444037434
444469884
444800873
447237869
447661164
449929055
450096700
450412295
450525217
451578467
455626438
455863643
455945353
456188390
458352011
458450058
459695045
460745265
461797813
462267161
462673344
466456682
466545325
467178506
467368145
468146807
469241017
471129032
471699338
473162537
474116394
476136283
476726161
477941916
480578783
484215131
484845341
486681903
490644931
494534163
495479284
495573704
497417432
501544141
502217447
505972176
506542700
509268905
509587338
509690653
509753942
511849958
514264163
514763058
515119620
518783715
524094927
525201420
525236795
525492280
525578995
526845474
527274584
529769028
530429269
532454636
532509481
533826524
534025731
536136363
537062875
540525005
541288510
544429583
545800226
546906550
553029850
557805477
560072271
560728894
560767599
561800087
563483515
563871600
565210913
565784857
566560519
567635076
570554856
573155678
574012003
575935861
576110511
577395773
578466347
579434757
579672404
579850362
580361810
581451003
581688515
582538270
582958970
584151800
584848117
587583653
590254017
591336607
594013962
596060362
598310255
598843225
600362366
601072538
601845540
606864574
607599999
607968156
607979434
608086949
613493186
613587943
614664853
615944079
619588232
620483795
622674277
623175576
627297524
628053951
628834632
630233128
630525212
632164404
636578656
638872463
640468168
641340868
641494205
643278246
643592115
645572044
649481641
649519952
650678709
652287422
653513962
658616648
659650613
661257002
663393831
663731206
663952644
667121404
671123857
671416539
672711559
674211415
674699669
676553590
678681929
679866437
680445176
680719476
680941872
681974868
683212703
684879852
686684501
687488150
689654940
691011103
692008454
692010536
692100408
693469430
695508412
696447577
697784951
697828692
697844474
699334525
701465956
701651347
702704897
703819685
705554717
706359562
706878729
707294111
709503899
710281520
712991729
713044383
713674513
715962453
716452332
720829007
723413309
723477291
725932885
726850980
727210587
729277457
729381615
729486866
732363878
734959844
736788994
739179851
740974353
741136858
741721755
742002250
742048586
747714199
753561003
753655418
756597910
757768313
760453580
762856362
764430277
765070668
766952554
768505040
769576852
770113010
772500525
772556594
772878932
773478744
774714601
779740573
779956020
781049971
781116982
781833374
788194170
790511204
791933166
792881460
794419169
795075190
797030253
801415385
801509028
801652678
804978470
805708700
807257965
807370837
808909097
809196304
810653902
811470436
818341348
819587826
821029260
822147658
824881829
824912395
827203121
836871309
837786765
838725936
840047582
841358889
841550352
844074110
847033358
847667279
848042882
849627206
850582638
851641840
851662691
854395922
856486836
857986869
859116320
860461566
860542612
861302533
863210529
864011112
865020062
867064685
867584468
868961822
869218278
872289710
872546510
874338103
875009243
880144370
881139992
881234690
881883415
883204507
883810731
884456885
884787718
887181846
892071872
894434278
895090552
895586988
897186774
897906431
899344656
901538800
903379994
904652738
905622595
906417418
907695934
908121461
909147222
909305139
909827575
911463436
911713031
915271970
919052250
920015873
920152047
923099095
923204789
925137430
925840127
928186197
929883138
935229288
938281414
939372169
939396263
943078652
945519536
946425382
946444359
946640543
947010283
947753440
948254872
948279271
948445413
950033726
950239677
951259189
952436969
952824419
955915220
957560660
958600025
961337152
961868736
964028107
964338814
964903723
965025033
967446941
968061857
968495663
969494367
970496140
971221474
971586554
971975520
972926066
973157879
973827351
973915788
975106538
975215628
976338403
976605810
976774307
977645762
980420164
980711864
980774087
981480200
981706256
981837695
983370576
984224140
985185765
987085136
989319470
989511501
989814055
990716827
990858707
991480683
991826787
995180151
995213149
995807196
998044730
998994570
999563006
1000297212
1000582854
1003566245
1004009287
1004528223
1005039107
1007737799
1008749204
1009083939
1009316354
1010053082
1010676921
1011149280
1012264075
1013553375
1014066437
1014640574
1014643707
1014791249
1015107353
1016809074
1017427925
1018371060
1019350819
1021831614
1022149563
1022220720
1022788308
1023834582
1024846086
1026644524
1031386480
1032786033
1032833398
1034233854
1035550292
1037724399
1040160200
1040949501
1041576075
1043465397
1043586060
1043816109
1044890603
1046313764
1046770016
1048033818
1048680626
1050306576
1051600669
1051785622
1052478833
1053783530
1054055869
1054347944
1055091660
1057636135
1057823585
1060128065
1062235154
1063587490
1065811361
1069206575
1069828891
1070107843
1071337480
1071601547
1073828812
1074484897
1078127927
1085065505
1085201406
1085339665
1088730022
1088857010
1089228578
1092703900
1096411481
1096561852
1097145891
1097194582
1097715593
1097998829
1103226710
1105857522
1106423736
1106536450
1106701761
1106978296
1107640360
1113300627
1113459210
1115830511
1116464867
1118438468
1120613921
1122850600
1123050233
1125926426
1127117221
1127550255
1128407302
1129662234
1131435544
1133894585
1139297059
1140436198
1140494629
1141765351
1142468824
1144264285
1145101794
1145170725
1145495153
1145845391
1146136091
1146240587
1146648881
1147513936
1148644785
1150097230
1150309601
1153223769
1153855980
1156731289
1159219572
1159270327
1162843105
1164602051
1165403938
1167308103
1167726239
1167975223
1168059101
1169759498
1171774102
1172850903
1172862072
1180909067
1181501384
1185158818
1185307840
1187950203
1189267805
1190101704
1190680449
1191189799
1193347503
1194876266
1197395811
1197441015
1201061006
1201417719
1205819405
1205947015
1208642605
1211421993
1214612326
1216285143
1217368553
1217539143
1218769729
1221140163
1222825740
1223972291
1224014886
1224455510
1225813815
1230071360
1234026290
1235089973
1235121645
1235690082
1236935442
1237160049
1239823884
1240083478
1242925351
1244510348
1245419452
1245915293
1247457271
1248854444
1249142698
1249914823
1251203624
1251514921
1253218961
1253429000
1254597312
1254765401
1259338745
1260018589
1260130166
1261913398
1261923257
1263043296
1263190166
1263901520
1264284222
1264382932
1265222875
1266540798
1266720140
1269352730
1273217561
1273486512
1273539159
1274499667
1274723936
1276194818
1278090572
1280964073
1281606411
1282074478
1283557058
1285132834
1286759258
1288281968
1288441086
1291114012
1291229389
1293206792
1294227017
1296918896
1297259617
1297851828
1299029481
1299080649
1299106441
1302553934
1304100365
1305058514
1306901255
1307996634
1311357282
1311821022
1312712105
1315089892
1316674176
1319418122
1319418191
1319979520
1321176944
1324252899
1327177337
1329367571
1332437747
1334836231
1335808735
1336459479
1337814654
1337930150
1339481176
1342221064
1343166154
1343463205
1344543976
1344889642
1345376631
1345891736
1348396835
1350644188
1354573234
1360412383
1361384453
1362324559
1362600314
1363182710
1364319904
1364420787
1366149616
1366346104
1366802143
1367760157
1368144360
1369236024
1369279746
1370447337
1370985967
1371100796
1371509077
1371969354
1373119007
1374029130
1374421860
1374603056
1375071646
1376776608
1378799851
1379557265
1380898246
1382455514
1382714709
1383032517
1383993702
1384726150
1385032734
1388053888
1389867036
1390041345
1392126142
1397309179
1397408552
1399598094
1402646167
1403016327
1403320300
1408309979
1408987940
1410238830
1410247629
1413084048
1415175420
1416810453
1418994074
1419545849
1419757563
1420111303
1421333286
1422023483
1422303580
1424292705
1424522033
1429630968
1433207004
1433875370
1434391887
1435579801
1436455663
1438314763
1438703776
1440354729
1441700576
1443854553
1443934983
1445876885
1447567515
1448329186
1450005618
1450860885
1454100118
1454386949
1454801015
1456423770
1456594829
1457723056
1460805085
1465369213
1468787691
1469122070
1470379072
1471581273
1475752838
1476030512
1476246595
1476649453
1477314717
1477853757
1479330378
1482213809
1483137226
1483926931
1484877172
1485800956
1487662334
1488020657
1488814878
1489476297
1493608119
1495508801
1496139683
1496632936
1498536683
1500201126
1501166644
1501922232
1502024702
1502318903
1505706034
1506801963
1508105831
1508891192
1509991757
1512691221
1513596893
1515347667
1516930128
1525590171
1528981406
1530592020
1530775422
1531547115
1532664502
1534139428
1535577661
1535646213
1536555217
1538970597
1541435284
1542206694
1542951624
1543774947
1544223025
1545443094
1545981684
1547279171
1547692111
1548373951
1551885526
1552116981
1552863045
1553034557
1554340864
1556779791
1557117055
1561921066
1561987924
1564349811
1566476209
1567216646
1567570781
1569126395
1569514348
1575914666
1576716675
1576784338
1580200271
1581099138
1582393589
1582630045
1587292943
1588117151
1589002441
1589225594
1590242399
1592168525
1592552787
1593653581
1594030626
1594176061
1597845819
1598424225
1601167242
1601583771
1601854584
1603375361
1605670267
1607175170
1612959405
1616753856
1616759278
1619576267
1620432930
1626966822
1627182412
1628688169
1629049117
1633049671
1633154915
1634116268
1636631245
1636767918
1636837610
1637502293
1637778866
1640240394
1642861117
1643978649
1646439767
1646770765
1647316198
1648941957
1650724052
1653282171
1655134703
1656111821
1660132839
1660997105
1661232022
1661739259
1665760886
1666006537
1666192298
1666317331
1672898635
1674105327
1675748103
1679274866
1679405397
1681076823
1684144991
1685540528
1687658690
1689133859
1694758294
1695592055
1696143188
1697098880
1699106967
1700739121
1702211241
1702532297
1703632783
1705210769
1706100110
1706601058
1706620656
1708407114
1708735864
1709061812
1709353908
1711337735
1712748521
1713141088
1715624544
1715766221
1717897823
1719676524
1719902712
1719913691
1721704105
1725850163
1726403771
1727052389
1727241731
1727678935
1728113569
1730445222
1731975246
1732566284
1732915996
1732937812
1734768172
1735021348
1737219308
1738694343
1741800300
1742266987
1742553359
1747587129
1747631815
1748047665
1748330282
1748782371
1748792342
1748798675
1749654615
1751902856
1752165676
1753859510
1753873371
1755188487
1755293654
1755307098
1755402671
1755709842
1756158640
1757377980
1757490546
1758687094
1759547489
1761472788
1763847306
1764250692
1766154131
1768911446
1770143590
1771455048
1773113325
1774055430
1774410156
1778110868
1779831878
1782770768
1782888533
1785061255
1785473868
1788202603
1788587533
1790899958
1792646710
1793683706
1794762188
1795657640
1795969296
1798787639
1799742240
1800809732
1801208981
1803009782
1803541428
1803556388
1804445629
1805364331
1805622656
1806018240
1806087035
1807621096
1807893635
1808147085
1808686670
1810185226
1811462184
1814071670
1814166909
1815767859
1817035436
1818089679
1820402123
1820800455
1821689412
1821859840
1823962896
1826272354
1828689061
1829661816
1831011706
1831133692
1835199223
1836878896
1839842585
1841132689
1842537179
1842585916
1843192346
1843727418
1847336435
1847862746
1848278374
1849019596
1849582321
1849756347
1850331998
1850555715
1852044669
1854702262
1857315302
1857464108
1857536544
1858992399
1860264914
1862635533
1863057706
1865164211
1868846246
1869782481
1871215334
1872439846
1874201671
1874244891
1879548334
1880670350
1882227567
1889054035
1889858673
1890620642
1891014798
1893072500
1893463704
1893494501
1893926939
1894095272
1894104595
1894609899
1895133655
1896170988
1897957076
1899934635
1900208982
1901048662
1902688265
1902761231
1903265639
1905435879
1906966148
1909376221
1910138190
1911277920
1912160704
1912714716
1914765898
1914925032
1915215654
1915532636
1917205139
1921330656
1921377571
1922426124
1924894502
1930782916
1932738549
1938774957
1938790649
1938819493
1939310368
1940923631
1943310031
1944996131
1946340188
1946416381
1948763265
1949126313
1950238514
1951176588
1951205000
1954904586
1956093985
1959968831
1960840126
1961577715
1962194669
1963489149
1964573478
1965506269
1965656469
1966685116
1967988887
1968247190
1969154818
1969988213
1971473930
1971563908
1972422334
1972956587
1973320304
1973459768
1975083780
1976794128
1979957677
1980530442
1983969880
1986787723
1988291581
1990922549
1993171823
1996341702
1996956462
1999778281
2000368152
2003130772
2005749730
2006583951
2006916428
2008840122
2009852636
2009892300
2013690447
2014789674
2014862453
2015051372
2016340226
2019374094
2019452156
2020726127
2022862590
2023653706
2023740446
2024130339
2024261357
2024763425
2024999127
2027343546
2027510203
2030079184
2033917420
2037126333
2037201633
2037660839
2040197271
2040744313
2044305151
2046910085
2047086088
2048964146
2050210003
2053260853
2056849467
2065935113
2070419907
2070534327
2070663570
2070832908
2071193751
2072180788
2074651467
2076022072
2076295107
2077691601
2078075610
2078214490
2079141410
2081495118
2085721352
2087065152
2090935157
2091582072
2092248191
2095400241
2097014167
2099578989
2100899456
2103536582
2104350901
2105812603
2106430763
2106725734
2106765524
2108914304
2109771471
2109822632
2110131927
2112789876
2116228041
2117795511
2117812881
2117980747
2118334186
2119194040
2119313027
2121288939
2121414748
2122194931
2123660296
2124733291
2128113626
2128245431
2128409524
2134092865
2135349790
2137868397
2138093384
2138420871
2141957343
2143005575
2145273088
2150234837
2150492135
2154253227
2156159407
2157149825
2158086204
2159229385
2161057619
2163174632
2163234014
2163315153
2163889853
2164090493
2164744258
2168402516
2168849138
2170481226
2171817797
2173763915
2178375262
2179257579
2180838738
2181011898
2183305563
2183649591
2184185117
2185972586
2186764363
2187195179
2190822758
2191849601
2192178196
2192814806
2192868669
2193366770
2198947462
2202402492
2202752600
2203331241
2203993395
2205055679
2206877501
2207423851
2209155601
2211723322
2214169915
2214213153
2214596077
2215595213
2215790912
2217412196
2217725928
2218298940
2218948292
2219559128
2219736581
2224594852
2227328457
2230455652
2232685427
2232882310
2233601749
2238198838
2238929049
2241397210
2241588311
2243527273
2243566562
2243981065
2244190191
2244847460
2244903737
2248291791
2248971416
2251829943
2260539809
2261020198
2262452840
2263197136
2267531678
2270587309
2270832400
2273335083
2273599133
2273803040
2273818043
2275929535
2277597871
2277719705
2278780810
2280153712
2281391777
2282099614
2285222513
2286549380
2292967424
2293478596
2295658842
2296815829
2296822618
2299416764
2299915420
2300461148
2303679437
2304716101
2306469992
2306953049
2307484913
2308036024
2308432463
2309268358
2309399446
2309707672
2309917172
2311319949
2311696741
2312088962
2313638913
2315159610
2315832025
2315859621
2321053903
2324390306
2324717465
2324873063
2326021881
2329199364
2330292020
2330739813
2332965830
2333347072
2339241855
2339613647
2340746968
2350109379
2353574940
2354040782
2359686136
2361269928
2361362387
2368544844
2368706272
2368908316
2370805725
2370812810
2370835379
2373686984
2374355320
2375355042
2376054329
2378256896
2379038011
2381385896
2382451732
2383622188
2384475685
2386979605
2389113169
2389605572
2390229283
2391415225
2391448639
2391703494
2398083155
2403356411
2406071633
2406313780
2407508694
2408942121
2409259486
2412034543
2413356220
2415178297
2415338039
2420612679
2423013870
2424046834
2424160914
2424564277
2424854030
2424864552
2425884885
2428954639
2430830305
2431302595
2432554015
2433095576
2433679630
2436523705
2438235205
2440089040
2442913243
2443362250
2444157005
2444167520
2445322408
2445822062
2448306520
2448648677
2451719181
2453804539
2455689764
2457143692
2458978807
2461484094
2462616940
2462737022
2463581790
2469705830
2470401045
2470564103
2471140029
2472015674
2472239738
2474064771
2474581117
2474619252
2475302075
2477990588
2478177888
2478498050
2481502591
2485133076
2485391982
2488884371
2491534420
2491669444
2492153327
2492481585
2493523759
2502527749
2502575572
2503784220
2504657282
2504820703
2505492867
2506518166
2507640275
2508154829
2509251832
2510939633
2511434424
2511989854
2512700006
2513532955
2514621121
2515107585
2516576253
2517092357
2517425094
2520688628
2521042884
2522519994
2523183094
2524400605
2525294470
2527031961
2527720039
2527867815
2529526395
2530334651
2532221871
2533039867
2533603046
2534843661
2536903861
2539220967
2539769939
2540262264
2540541491
2545179824
2545589219
2546522567
2546792891
2547896137
2549915249
2550845680
2555403034
2558150301
2558652236
2558998036
2561612496
2565706354
2566142302
2568432217
2569581790
2569734782
2572261296
2572483846
2573286337
2575471078
2577277760
2579195832
2580918272
2583226919
2583327140
2586120568
2588077653
2590101273
2593942579
2594234615
2596465149
2596687273
2599319189
2601018326
2603525027
2604219803
2604602949
2605730304
2605863449
2606750798
2606793268
2606918205
2608007275
2608250729
2608966884
2609276101
2609289512
2611615841
2611788332
2614543066
2614970134
2620230986
2621237618
2621556661
2626772133
2627168896
2628269185
2629270169
2629702880
2634197753
2636016033
2636035368
2637198301
2637769340
2638095288
2640286644
2647370784
2649044646
2651128398
2653419808
2654253882
2654926007
2658161193
2659945792
2660034564
2662512152
2663880127
2664675572
2665302071
2668137681
2668637802
2668967776
2669588758
2670790899
2671009573
2671180915
2673594716
2674544771
2675787346
2676184451
2676312713
2678014563
2679032721
2682048158
2682253110
2684971556
2688798382
2689631690
2690410615
2691051533
2692000097
2692067446
2693208443
2695226907
2695469817
2696837516
2697253379
2697979819
2700822020
2702101448
2704121804
2705386997
2706318170
2707195053
2711378431
2711973595
2713834745
2714278572
2714382601
2714503264
2719454075
2726687710
2729464040
2729955217
2732008987
2734903696
2736418814
2739101715
2741945745
2743351828
2743592823
2744494811
2744808281
2746154250
2748875974
2749183362
2749393498
2750143433
2750825267
2750932289
2751815358
2752158235
2753484274
2756108728
2756751482
2757165532
2757309021
2759675251
2759866147
2760380828
2760831290
2764366653
2764564956
2765405464
2765978234
2768407526
2769892420
2771199874
2772381182
2772794676
2773623181
2776899464
2780133573
2782958363
2785843289
2787163117
2789090959
2789336590
2790423159
2791214674
2794842365
2794952054
2796228663
2796478324
2796977365
2798081212
2798584923
2798611615
2799218578
2799230496
2799577106
2799995915
2801879521
2802680944
2804920242
2806289266
2806901940
2807206184
2808670673
2809160691
2810054752
2811046935
2814207392
2816217427
2819321552
2819997979
2823332534
2827171407
2830581079
2831822007
2832593011
2834411095
2835364641
2839704930
2840571525
2842806648
2843089729
2844023964
2845873519
2847288598
2849118609
2849451395
2853573905
2861912361
2862865989
2863337205
2866512344
2868565485
2869077852
2875862437
2876816310
2880480931
2882536721
2884836018
2884843661
2887573144
2887938439
2890478308
2891950632
2895508386
2900734649
2900898920
2904712158
2905660126
2909957066
2910274881
2914489500
2914521636
2917842932
2919112643
2919722896
2919790705
2921263691
2922274888
2922694631
2923468703
2927623448
2928254813
2928321146
2928635882
2930448391
2931291945
2933324479
2935467605
2935594174
2936208561
2936529836
2936689020
2938665943
2939391178
2941202600
2941667161
2942532954
2944980673
2947488288
2947772125
2947915123
2949602636
2951967537
2952326739
2953126846
2954941101
2956501538
2960676687
2962568559
2969464708
2971078397
2972635451
2973998958
2976329480
2976423336
2979334112
2980702337
2982363837
2982368190
2982646100
2982732224
2983888026
2986126076
2986952709
2987594951
2988164278
2989869637
2992263207
2993049299
2994723242
2996248612
2998595065
3003216004
3004062512
3004939838
3005332664
3005750592
3007871482
3008308402
3010663482
3011973827
3012954937
3016896204
3018261854
3018548266
3020082885
3024534645
3024904479
3025663740
3027291742
3027760754
3028329172
3030441863
3031975065
3032558355
3033011921
3033186203
3034685059
3034771371
3040897372
3042185812
3043068033
3044563790
3045443042
3045977265
3047260504
3048471878
3048694270
3048916281
3049989156
3050236311
3050328310
3051238561
3052424579
3052958676
3054873480
3055377020
3055821434
3056833935
3058418923
3058881295
3058917563
3060183493
3060251666
3068078311
3068954003
3072847140
3074533119
3077296623
3078235262
3078530585
3081061019
3083029019
3084047432
3085680869
3087141881
3088174550
3095184699
3095618807
3098091855
3100755353
3100967795
3101210068
3103862062
3105394429
3107888119
3109638836
3110706992
3112766073
3115981954
3116629440
3118301595
3124624493
3125000921
3125217823
3125520084
3126018217
3127449994
3127463320
3128287867
3130063306
3130890938
3132917507
3135197033
3135632450
3135766838
3135936808
3139051674
3140407265
3143603846
3144613720
3147326153
3148158665
3148377562
3148999953
3149887515
3152104267
3153107511
3155807514
3158910980
3159142725
3159566871
3161357909
3162463836
3162733594
3163519753
3163928548
3164129445
3168303943
3168990255
3169693455
3170862916
3171856357
3174593932
3174945189
3175531639
3178668977
3180126517
3180500937
3180813117
3186011303
3187200785
3188672407
3189345909
3191835314
3194488601
3199551346
3199757114
3202228828
3202983463
3203590582
3203734833
3208791109
3209963197
3210283680
3210334614
3210546206
3210883729
3211679813
3212589011
3213574276
3215378812
3217192405
3217786340
3217904691
3221534307
3223364960
3224114700
3224391222
3226461240
3227005539
3227376075
3228801195
3229994855
3230050421
3231909309
3232206955
3233323531
3233526406
3234084661
3237140223
3237522379
3238145349
3238218630
3238485825
3239082042
3241060357
3243120730
3244325656
3245520131
3246452053
3247054722
3248963013
3249188282
3250452199
3252637756
3252803081
3255183290
3255341331
3257468242
3260253048
3261249902
3262518906
3263084860
3267283494
3267424027
3267444419
3267590169
3268010023
3270647057
3273259886
3274324543
3278660995
3279003517
3279346929
3279642958
3279751524
3281700811
3282553863
3283388806
3285155516
3287353770
3287353882
3287507526
3287631104
3288202802
3289231898
3290678811
3294374021
3295547140
3297532126
3299186609
3307236059
3307526653
3307930887
3308578732
3309227149
3311320849
3311479457
3312119452
3314320356
3314498810
3314666774
3315871603
3318309837
3322124883
3325664790
3331160703
3334403924
3335657776
3335770161
3339895435
3341286544
3341319503
3342072660
3344994335
3345963759
3347916710
3349129934
3351377560
3355325445
3356255352
3356761313
3358107486
3360266925
3360879343
3360920003
3364373781
3364681429
3365961111
3367282009
3368403994
3368775866
3368833822
3368870163
3369113049
3369628034
3369827825
3370027024
3370856944
3376465304
3378032820
3378987707
3382925216
3385784159
3387129268
3387465514
3388217387
3388294299
3389246799
3391509780
3393259489
3393572561
3395155124
3396430795
3398496764
3400882960
3402196813
3405962052
3407498211
3408641184
3408772923
3409109598
3409430819
3409673270
3411115045
3411154229
3412266631
3412726955
3413370611
3414944047
3418250454
3419015471
3419251587
3419713889
3419751619
3421616557
3421945671
3422537972
3429796138
3432373651
3432477507
3435253280
3435452033
3435932959
3436572804
3436745945
3437080080
3440100434
3443569636
3443915660
3448218138
3450096544
3450153503
3451468871
3453006890
3453157643
3454536292
3456626171
3459983037
3461468081
3462342421
3466491576
3469650997
3469974640
3470566238
3471864402
3472583594
3472646990
3472945635
3472946213
3473340703
3473493749
3473684635
3474756984
3476256031
3476647490
3477245581
3480248796
3483329006
3484400571
3484957454
3485991880
3487731330
3487742330
3488280364
3488713600
3490701835
3492328332
3494454090
3494510771
3496470100
3497055149
3498497406
3498536200
3501065534
3501993927
3504362805
3505088002
3506093269
3508211877
3509670060
3511127965
3512412168
3514100196
3514524970
3518929025
3519315366
3520101561
3521020488
3525152692
3525539309
3527375371
3529917265
3530539400
3531676061
3533647212
3534435355
3535200102
3536042815
3539582946
3542622366
3545999058
3546657067
3546912118
3547244584
3549371273
3549554822
3550840117
3558067328
3558373275
3559245013
3559989864
3561934369
3561962594
3563121953
3563798823
3564554242
3566994934
3567170993
3567261581
3567858530
3568215004
3568400448
3568924051
3569234337
3573298171
3574402028
3575911140
3576729220
3577238231
3579591546
3584446261
3584926754
3585339390
3585990936
3586365352
3587705744
3590501379
3591200755
3591603718
3592331429
3593219289
3595959719
3597704072
3598852912
3599550976
3600062222
3600667273
3601122146
3601157257
3601569692
3605005389
3607240103
3609483659
3610400754
3611649319
3611847242
3613684588
3614141835
3614765529
3616162895
3617605284
3618709653
3620940601
3622794593
3623858428
3624601725
3625246709
3625819237
3632705317
3634904608
3635782792
3640836662
3641925019
3643406222
3646999534
3649168617
3649737525
3652476265
3653936255
3654598255
3657143884
3657215925
3658200829
3658277018
3659256956
3661248953
3662297300
3662409541
3662580452
3662840866
3664150831
3666027463
3667060615
3669993764
3670667622
3670750082
3673075156
3673790629
3676006861
3676961816
3677650436
3677886890
3678741479
3681556188
3684620025
3686245194
3687090727
3687801695
3690789409
3691645416
3692620371
3692650768
3692687509
3692703857
3693768031
3694893161
3695381188
3698427200
3699827153
3700661110
3700710520
3705989234
3712396271
3712690631
3716094450
3717348667
3719042838
3719644098
3724286331
3730667044
3731648534
3732395616
3733454992
3733638886
3734097061
3736071882
3736611684
3737775813
3737946532
3740116237
3740636496
3741881472
3742229488
3742637675
3742999123
3746716672
3746814932
3747223595
3747700970
3747853443
3755435198
3756439868
3757171582
3757544445
3760205286
3761661994
3762092623
3762203444
3762652982
3765610643
3765980086
3767399518
3768947396
3770212998
3778337728
3780668763
3780740289
3783276461
3783609606
3783959698
3785701268
3785774609
3786434502
3789129309
3790241209
3791867590
3794235175
3796452666
3796888756
3797045357
3797302650
3802691462
3806707934
3807167007
3813892881
3816233153
3817946608
3818430409
3818841374
3820091085
3831975204
3833777585
3836130064
3836298489
3837746985
3838426372
3839312247
3845499884
3846385217
3846807879
3848132171
3849009982
3854747018
3854869362
3855016812
3856908393
3857045130
3861333317
3864328240
3864782172
3865448165
3865696521
3866701335
3867742377
3868119100
3871059222
3877425030
3877833336
3878784932
3881924403
3882117471
3888026855
3891515656
3893453910
3893872526
3894562300
3895773828
3896125072
3897420317
3900324354
3901451465
3901858901
3907672742
3909023222
3913310964
3915923053
3916884858
3917678112
3919775492
3920703896
3924715965
3926642145
3928609545
3930376076
3933815188
3934266828
3934497100
3934531464
3937488325
3938984482
3939487024
3939919197
3942378089
3943770800
3946956328
3947311129
3949419648
3950765647
3950924370
3955866565
3956559764
3960254420
3962088280
3964166514
3964843677
3965141608
3965782260
3966358572
3969133800
3970027182
3971742084
3971841531
3972628166
3972849605
3976432321
3979991984
3983180555
3983815409
3983965599
3985285587
3986115224
3988802175
3989621644
3989962997
3991012413
3992760016
3993287757
3995329461
4000156422
4002221220
4003303831
4004174195
4004337427
4004915791
4005763979
4006576226
4007896526
4009033458
4009349684
4009622564
4011944561
4012589492
4013151480
4013360315
4013957371
4014059480
4014132461
4017851357
4018811000
4018966872
4019851447
4021757401
4022348053
4023264202
4033472091
4035144366
4036168204
4036180576
4037035676
4037737111
4039344870
4040456731
4040937076
4045514723
4046706922
4047182844
4051379296
4052007967
4052243497
4054872999
4059868537
4060218635
4065784713
4068234489
4073616401
4074048670
4074716454
4078051898
4079728824
4079998229
4080394264
4081508364
4082515697
4085038493
4090219334
4090305649
4090391866
4090571934
4094446125
4094960725
4095721645
4098178596
4099295642
4100325611
4101425504
4102580205
4103981128
4104420449
4104594690
4105641245
4105870448
4112336858
4113286272
4114185267
4114418333
4117395615
4117511402
4118363595
4118912803
4122326559
4125201888
4125744583
4126860799
4128268350
4130179975
4131488273
4131938439
4132160047
4132929610
4136247792
4136461700
4136873789
4138289672
4141205513
4141655196
4141819473
4144635424
4145453758
4146309966
4146658747
4147635644
4148399107
4150367904
4151599267
4151841174
4152722856
4152749640
4152766823
4154736925
4154828542
4156559665
4158520920
4159966695
4160974718
4162122913
4163381548
4172336260
4174355268
4175760532
4175812579
4176775409
4177662510
4178374662
4178855945
4178958638
4180006325
4184495034
4185377434
4186543283
4187124847
4188188049
4188308783
4189525861
4190787798
4193008068
4198161758
4199571968
4199879826
4204093511
4204163231
4205373014
4206989273
4207321266
4208365987
4208632653
4211318033
4211484527
4214684298
4215073848
4217616523
4218827578
4219931171
4220956190
4223181880
4225965305
4226764385
4227349759
4229501167
4229584265
4233892485
4235277326
4236102198
4237640193
4239236687
4239513276
4241106769
4244344400
4244979526
4247871012
4248021981
4248098019
4251498233
4253931179
4254417852
4256354337
4256796064
4257418471
4257696646
4263998550
4264585100
4265881610
4266365644
4267537557
4270779246
4272044705
4272785802
4274073897
4274868611
4275719104
4279491531
4281414176
4282072120
4285269147
4285539377
4287485665
4288532720
4289053944
4290165847
4290298544
4291660307
