60189
509666
597115
3945775
5267056
5788234
6258867
6953919
7655593
8577876
9510548
10479713
11901392
12105488
12201981
13673747
14685817
14699327
14788744
15197375
16246390
17204697
20446941
21432673
23002382
23864965
24312089
24869427
24976926
25422680
26499955
27526384
27852778
28533380
28617223
28973106
29622861
37686803
38409489
40104028
40576355
40979788
41656533
41779169
43524771
44850203
45181617
45236371
45517368
47825921
48649085
48886197
49449566
49503429
50546588
52690781
52991009
53860211
55905508
57396077
57498084
58514175
58773581
59402042
59627244
59817298
60053429
60677688
62796935
63133979
63805469
65702155
67438747
67525390
67537921
68311526
68376210
68728354
69086585
69889334
70624902
71297507
71614452
74110286
74616457
74706498
75331403
75706943
76703908
77200144
77916775
78080924
79488993
79777848
81084965
82321587
82695236
83174655
83420791
83610534
84829503
85690427
86694534
86944035
88045116
88473556
91563057
93192615
93914951
94786281
98293661
98332213
98799173
100333351
101522662
102119747
103003122
106080123
106345648
106917856
109487272
111075111
115273582
116203094
116603326
117258199
117799559
118812410
119061738
119239406
119723250
119742153
119759700
120187263
121986093
124568489
125197681
125775149
127321459
127629143
128462732
128702433
129896808
129975063
130422686
130554442
133308306
133677547
134469626
135067586
135405447
136191872
137513945
139087250
139380777
142020424
142834678
143263968
144683175
146742969
147415226
147549817
148246261
149430859
150905147
151071317
152195577
152426041
152448273
153486717
153704769
154217864
154845733
155142972
155688755
155707563
156187681
156368884
157164774
157576286
159382313
159511936
162071976
164679305
166175452
167281811
167754666
167973944
171365407
172030543
172389920
173612495
175712658
176495098
177331795
177954666
180079576
180120598
180323554
180854727
180875287
180893127
181805563
182318511
182784084
183873235
184786826
187849060
188695287
188824102
189349203
189985631
190555845
193578152
194274711
194283600
196142804
198103378
198764422
199451910
200664951
201944123
203120373
204760479
205866645
206236350
206586520
206766105
207118167
207166087
209886690
211010038
212844723
213969719
214363976
215156077
215393343
215990735
216734896
216996586
217505531
217550662
217709206
218089948
218170140
218188152
218258651
218924715
219604553
220661627
223637827
224610890
225087561
225632750
225825974
227270979
227844240
228650058
228832584
229345332
230347826
230925276
231798034
232032351
233467601
234854090
236843702
237083097
237112454
237931773
238559828
239178398
241860900
242794961
243103379
243407960
243416167
243553192
243892231
245389963
247217501
247624118
248542279
248825589
249503268
249606736
250181481
251135661
251217031
251412988
252420175
252877185
252976716
256361292
256425935
256758552
256854917
257687138
258396123
259132203
261499419
263860428
264177980
266539757
266748394
267588762
270121199
272082788
272740042
274809053
275051055
276613800
277737425
277779289
278540247
279278189
279921268
280136101
281350969
282736918
282848463
284172928
284278576
285495996
285762206
286526125
286830600
287908824
289298810
289462228
290955590
290979793
291109389
291209228
292742006
293139039
294253681
294304041
294614192
296735937
297693490
298222551
298378997
298526890
299742971
300232775
301071149
302907129
303100296
303439368
303685651
304526229
305647369
311757334
312068654
312212101
313200342
314808148
315537360
316144056
316270206
316347568
317074056
317860657
318898276
319848715
322590706
323956867
324358848
325453416
327234952
327427510
327967933
329401969
329655620
329800622
329961690
330783537
331664388
332153855
332521888
333312619
335757864
335855388
336562533
337484918
337759060
338156521
338577411
338653661
339497080
339518051
339730602
339766317
339831117
340847627
341884009
343164296
343383094
344660945
344751955
345929020
346047879
346085366
346285241
346865986
348068861
348464403
351427165
351538349
352978103
354607598
355260225
358613688
359337462
359884287
360253616
361151884
363863475
364023511
364646745
364659120
366212353
366967372
367137172
367397734
367964370
369133423
370130881
371246630
371872416
373595695
373822256
374267448
375143898
375301664
375537847
375579060
376201897
376956513
377620859
379821999
380273257
384624648
384900687
385795337
387810025
388336310
388821377
391435749
392280304
392365868
393466463
396772620
399725498
400674452
402171883
405354872
406166450
407279278
407716956
409596495
410157160
410728161
412249889
415117503
415204318
416329052
416428588
417282038
419246618
419793951
420681028
421025049
421475892
421522383
422728203
423042360
423331511
424738825
424747028
426852093
428301647
429214593
429765650
430333218
430544151
431938745
432757006
432879926
434389020
435362457
437109110
437113310
438286885
439527817
439668126
440961797
442846517
442942317
444177878
444222090
444658687
444739452
444859922
445538416
449815118
450513775
450748330
451853785
452973547
453387231
454716813
454915359
455360201
456036231
456066263
457340827
457746754
457899496
459233897
460752999
461368724
461485712
461739961
463881277
466687959
467329654
467707408
467773043
468850950
471208217
471495573
473833876
474986661
475339965
476158669
478931966
480743670
480948208
482142443
483006576
483367174
484056256
485288477
485887515
486018232
486043002
488215457
488668698
488781850
489018663
489170703
489851447
490108144
493665234
494750693
495484695
495971879
496137273
496211223
497258664
497415976
497860552
498935378
499772727
499892210
501307115
501389728
502355946
502841289
503433720
503605374
503862466
504406678
505025468
507182683
507739397
507957230
508188751
508216250
508621015
510231281
511250764
511740109
511756154
512130055
512551186
513672455
514147383
514167044
514275787
514755369
514840639
515451328
515475859
515778212
516324568
516571653
517495124
517736245
517741851
519349188
519780817
519899976
524042879
525094154
525637381
527406274
529112952
529649621
529874048
529883228
532596239
532994715
533089780
533471072
534156598
534790047
535928096
537114699
537367007
537443588
538669103
538687651
538978010
540318169
540799268
540907950
541101004
541698819
541810835
541937994
542472845
543134428
543952720
545967472
546048136
547108395
548696258
549402480
549472950
549627588
550872934
550991054
553473038
556471441
557464870
558479897
558646982
559417089
560879661
561690374
562188919
562696013
564991168
566161674
566665384
567421357
569007408
571357118
572304783
574283095
574353135
574550366
575093982
576109258
576470247
576736734
576741085
577435711
578391535
578480733
579061671
579172033
579369112
579753730
580698091
580890332
581774137
584131673
585275192
585281473
585593359
585616427
587386641
588951688
589194540
591047686
591117192
592976258
594524604
597168310
598118834
598639534
599345777
601738156
602008530
602877235
603733386
605119445
605288356
605399186
605761168
606216855
606420427
606735398
607732877
608777285
609180519
610120765
610273112
610352003
611003596
611428685
611746230
613825754
614282960
614801736
615221853
617032518
617481178
617576145
618883945
621377712
622570047
622927857
623243089
623425991
623506512
623731267
624389413
624839415
625001388
625014839
626067201
626393551
626848000
627810995
629611117
630536613
630690995
631149111
632258300
632930867
633408608
633810052
633852126
633936373
636415961
639803397
639804624
641645216
642317023
642567373
642686059
643009961
643537872
644608050
644701415
645362744
646210193
650523917
651266769
653482870
653621634
653659645
654174954
658171838
658177989
659066778
659559532
660212538
661014011
661939044
663621281
663840790
664085308
664200352
664367056
664995088
665849587
666924753
667719892
667843250
668227321
668236408
668261197
668346128
669330754
672018989
672083282
672213550
672582029
673210436
673231642
674803539
674816435
675264882
675266809
677292235
678106065
678206817
679078637
681624614
682796473
683697440
683731383
684755742
685001038
685032469
686501394
687589790
687912700
688009992
689754072
690538216
692580434
694917535
695562931
697312055
697312093
697569589
697831630
698569884
698596415
698678972
698926142
699389845
701287062
704315963
705004188
705378769
705460362
706704229
706956259
708038136
709591839
709722803
710066441
711374977
711723290
713427324
713702214
714393334
714770722
714851599
715002541
716684082
716812783
718299763
718718382
719263422
721471839
722058210
722153274
722925339
723661340
723674688
723691011
724652385
725409111
725898333
725923927
726163347
727658159
728673054
729103064
729755691
730315482
732229085
734386039
734991772
736062533
736456208
739914306
745377583
747522596
750466725
753271215
753798892
754766016
756101958
756510094
756566714
757588115
758334844
760415059
761096582
761935108
762687819
763320152
763494182
764557989
764821484
766733610
767070775
769076366
769277062
770403365
771043592
771887495
772188450
772588058
774331828
774641963
777149530
777216693
777385312
778052650
778559332
779281951
779316106
779323926
781112346
781449678
782406949
782723628
783842272
783844619
785433707
787331472
788350586
789611272
791271756
793414402
793926546
794439964
794980537
796086412
796092763
796553205
797096794
797315049
797570187
798498846
799260873
799577634
799765525
800110139
800479943
801584423
802299776
802679536
803203567
804918936
805316352
805940601
806281024
807034301
809663042
809718375
809909518
810034899
810687436
811198021
811345846
811347359
811796345
812306370
813576675
814796536
816746598
819074094
822019594
822512815
822825570
822871506
824451059
824552625
824834141
825872539
827106928
829974194
830291766
831122856
831986814
832517710
833799705
833994948
835628662
835763318
836737541
836885013
837700511
838894847
840709732
841133832
845114879
846784241
848545910
849738177
850057022
850514421
851248702
852162168
854553375
854809090
856247365
857570161
857607190
857753554
859006882
859578751
860084720
861089240
863594392
864814209
865606312
865814024
866279676
867538596
867693844
871125550
871134167
871216598
871966479
872559562
873485847
875931173
876594945
877062371
877813337
878072627
878210319
879214765
879406023
879841096
880291504
882465524
883848623
884500737
884575155
885560973
887163940
887772339
890551156
892020605
892224614
892241748
893012831
893074947
893782013
893993162
897024466
897601802
898177239
899995569
901305789
902124972
902552793
902900028
904005243
905431704
906515931
906767592
907241083
907385648
908065103
908143924
910625985
911507360
912023561
912571502
913901901
915125329
915338282
915527914
916627132
917593494
918326573
919075345
919272000
919533250
919792050
920284893
920417871
920728776
920944466
921110484
921819250
923214399
923498535
924033223
924035079
924587220
927301891
928345477
929602413
931753735
932644573
935987956
936523942
938014546
938244162
940832749
942662198
943514514
943652362
943908125
944050435
944398815
944495589
944635247
945204349
946371355
946423769
948369928
948630304
949665231
950169365
950824948
950974847
951270688
951538181
952098208
952384582
953227349
953647716
954710350
955044149
955355447
956544676
957760973
957797738
958268446
959154629
959706715
960540103
961066031
962406578
962859282
963393192
963551546
963873571
964087581
964336608
964893190
964979967
964994746
966423166
966727215
967039741
968040772
968645982
970095752
970398666
971771566
973226445
973502144
974762093
975091069
976334915
976462244
976593946
976793509
976990799
978232057
978978069
979637878
979809046
981251875
982164193
982341291
984899306
985835427
986374450
986450616
988577395
989074780
989841035
989955142
990639208
991923819
992844289
993251362
993326919
994595205
994889309
995697398
995921733
996954315
999912672
1000422421
1001780561
1002243356
1002613530
1004784633
1005435073
1006064281
1006808727
1006998216
1007149670
1011390235
1012791050
1013112833
1015810398
1018572338
1018707296
1020766969
1021568504
1021748865
1022024795
1022487242
1022584484
1022616246
1022808778
1022924222
1023587932
1024359664
1025836637
1026661767
1027575724
1028253682
1028601712
1029509967
1029758721
1032731431
1033558629
1034110166
1035224928
1037057334
1037956824
1039639225
1039888082
1040910625
1040914887
1042611303
1043228698
1045981851
1046132262
1046240417
1046671537
1046836467
1047396995
1048406830
1048591746
1048925056
1051077007
1052030519
1052177506
1052768289
1053498473
1055031376
1056599170
1057065104
1059343627
1059450921
1060055031
1060459129
1060792999
1061561574
1063195617
1064779927
1065233546
1065795425
1069344407
1069927186
1070031926
1070505361
1071039257
1071203678
1072041929
1072092611
1072474568
1073237654
1074496917
1075663800
1076331627
1076626276
1079534005
1079939477
1081399097
1083187023
1083911746
1084434577
1085286529
1085501835
1086131706
1086551868
1088438848
1089074472
1089183694
1089907161
1090426645
1091745492
1097008515
1098161889
1098743071
1099134454
1101215019
1101319999
1102420247
1102500297
1102899081
1103214128
1105009617
1106401681
1107583996
1107995361
1109050469
1110081860
1110898856
1111515296
1112560544
1114198170
1114773351
1115376306
1118162458
1118519521
1118835116
1119361915
1119594167
1120205198
1121547285
1124916153
1125535044
1126431673
1127186960
1129544738
1131998605
1132429198
1133027853
1133601485
1134091911
1135019351
1136281242
1136314894
1136818477
1137521698
1137791420
1138476395
1139381575
1142167824
1143540379
1145528105
1146022100
1146232954
1148360446
1148712371
1149620655
1150058112
1150113486
1150366230
1151841327
1152092046
1153302347
1153735568
1153778928
1156063972
1159131904
1159354777
1160116461
1160571332
1160953360
1161116430
1163477496
1164412700
1167079102
1167292426
1168158489
1168349217
1169428169
1169465970
1169917721
1170375658
1171362869
1171810229
1172049518
1172419264
1173325270
1174174307
1176215788
1176235540
1176370567
1177637123
1177965945
1178350566
1178816652
1179369093
1179753936
1181064856
1181245341
1183425989
1184869020
1187314102
1187386538
1188147815
1188421532
1189982224
1191540156
1192271011
1194216765
1195283767
1195693847
1195889975
1197647055
1199519006
1199993110
1201833311
1203392038
1203512139
1204209120
1205326560
1206903579
1207395734
1207603897
1208862700
1210449487
1210468883
1211164189
1211757939
1213453954
1214205668
1215556945
1215970145
1216007255
1216274900
1217014309
1218154960
1218932289
1220797740
1221757840
1221957470
1222206767
1223096745
1224297611
1226772768
1228588400
1228854214
1230485462
1231138160
1231817408
1231834538
1233264226
1235036710
1235394371
1235494081
1235770654
1236263382
1236778568
1236784170
1238180617
1238493470
1238616283
1239645563
1239764510
1241662011
1244095662
1244965511
1245429949
1245728449
1246869573
1247017433
1247170264
1248557149
1249789588
1250413212
1251017699
1252986984
1253030108
1253357595
1254169555
1254495856
1254862968
1255948757
1257427591
1257780231
1257969496
1258005816
1259958172
1260298952
1260453134
1261251300
1261450956
1261527769
1261672913
1261811726
1261920354
1265802289
1267825004
1268290694
1270302977
1271373116
1271672537
1271899414
1274172736
1274674964
1274878845
1275451910
1275808805
1275945251
1276134275
1277003398
1277179361
1277318046
1277958305
1279939005
1280134715
1280151342
1280686521
1281384550
1281949011
1282918561
1284314315
1284342154
1284397520
1284986701
1285274131
1285462897
1286203411
1286740079
1287162522
1287719307
1289089820
1289168177
1289305260
1289960953
1290958649
1291801410
1292350472
1293315326
1293351103
1293951863
1294338954
1295054653
1295283323
1295602576
1298268587
1298709489
1298773567
1299260040
1299283980
1301104211
1302031385
1302501990
1303080153
1303581389
1303762068
1306611387
1307382785
1307523022
1308553011
1309575534
1310430542
1311850517
1312452819
1312663892
1312708759
1312990606
1313096621
1315047135
1315405415
1315693504
1316712569
1316762047
1318062411
1318280814
1318458520
1319550868
1320119885
1320338525
1320768716
1321042782
1321075709
1321453105
1321620128
1321662417
1322516803
1322879969
1323231011
1323337742
1323928007
1324210141
1324224261
1326524757
1326535557
1327605846
1328420752
1329971753
1330487339
1330603995
1330774183
1331104465
1331174983
1333759617
1334256658
1334526909
1334576338
1336080268
1338033351
1338296821
1339248745
1342269513
1345735310
1346001665
1347246892
1347768993
1348751003
1348887814
1349395675
1350052327
1351088994
1351980731
1352690317
1352839300
1352852024
1352914505
1354460973
1354816131
1355612382
1356469429
1357199224
1357687781
1357819720
1358930878
1358953942
1359504850
1359732107
1360404523
1361204087
1361970468
1362265390
1363260972
1363749927
1364199422
1366008944
1366368803
1366833481
1370589452
1371384429
1371800099
1372796020
1376750874
1378287154
1378873005
1379108169
1379584822
1379869094
1380148692
1380664885
1380863739
1383193889
1383378629
1384516930
1385340706
1385482777
1385619308
1386269097
1386372020
1389470682
1390027080
1390571953
1391221844
1391485982
1392012976
1392410620
1393578383
1393638514
1393765586
1395486488
1396064559
1396651014
1396848808
1397310418
1398228724
1398611289
1398697712
1399353952
1399522645
1399904518
1400188720
1402239177
1402308449
1402856147
1403532088
1404122212
1404680834
1405493624
1406418241
1406796965
1408291094
1408877437
1409284832
1410694830
1410753985
1413767327
1414480134
1414503907
1417220656
1417251919
1417970927
1418133627
1419592879
1420412803
1420894005
1421375604
1422894505
1423140256
1423292423
1424017903
1424509933
1424597385
1425003770
1425878249
1426554494
1428023412
1428673138
1429155264
1429771487
1430330578
1431492775
1433078554
1433162076
1433893507
1433942795
1433971287
1435624891
1436194135
1436851446
1437601832
1438632608
1438906372
1440259960
1441104086
1441690862
1441948856
1442941793
1443543605
1444343853
1445257386
1447583691
1449599551
1451049660
1451572509
1451738568
1453764488
1456485823
1457063675
1457412390
1457448033
1459001730
1461498108
1462930398
1464356847
1465968990
1466331260
1466746486
1467443378
1467693611
1469829651
1470302092
1471355176
1473258483
1473681746
1474379387
1474695217
1474728750
1475843657
1475972357
1476524077
1479015472
1479168277
1479182581
1479824408
1480537486
1480728257
1481080289
1481608469
1482377172
1482580157
1483481219
1483534837
1484037708
1484157553
1485707135
1486396898
1487436801
1488046703
1488434374
1489019311
1489806383
1490996616
1492986342
1494069091
1495128861
1495777753
1497203882
1497738881
1498230340
1499798118
1500740887
1502109502
1502129845
1502391478
1503466245
1503929168
1503955590
1504139617
1506281875
1506674658
1507220783
1509009104
1511660010
1513604980
1514311473
1514490867
1517088956
1517612799
1518247738
1518655160
1520068327
1521835403
1521839646
1522555664
1522589531
1522821598
1525307414
1525597196
1526179935
1526613845
1526949035
1527333333
1527537393
1529009256
1529408203
1530548127
1530626650
1530834814
1531955475
1533134161
1535236444
1535917973
1538478352
1538717479
1541064564
1541676872
1543452273
1545314619
1545634920
1546098588
1547125565
1547337371
1547505041
1548926069
1551940475
1552055228
1552507659
1553169741
1553487278
1553599545
1553962558
1554568128
1555499434
1555548764
1555759341
1556502863
1559505586
1559697807
1559815862
1559824523
1562631207
1567753060
1569056684
1569318374
1570445858
1570836252
1571328240
1572459748
1573909824
1575325579
1576335251
1576581872
1578080531
1579346589
1579786477
1581433161
1581912220
1585307114
1585498555
1586222687
1586898479
1589180841
1589193502
1589503298
1591422646
1591535835
1591900987
1592292686
1592599536
1593131399
1593405156
1594134491
1596398244
1597186503
1597818520
1598170460
1599570283
1600195792
1600395544
1600440091
1601121811
1601658770
1602049542
1602915605
1604987875
1605964974
1606440853
1607308198
1608415490
1609579096
1610221299
1611418507
1613708359
1614905884
1617319337
1617507186
1617884476
1620762071
1620887485
1622708169
1623724859
1624065020
1624375647
1624437577
1624447818
1626050959
1626087708
1626430960
1626517732
1626852330
1626872312
1627365044
1627734253
1628672004
1628765650
1629935122
1630286040
1630576603
1631597712
1633643970
1634586422
1635136905
1636261184
1636876608
1639281037
1639388090
1639563996
1639886618
1641103685
1643197548
1643806305
1644225513
1645325256
1646121213
1647343696
1649417148
1649448260
1650188087
1651480835
1651836120
1651971494
1652213083
1652518005
1652823709
1652895207
1654438929
1655244114
1656322929
1656582010
1657597872
1658106377
1659078858
1659988533
1662376296
1663545221
1663789766
1664671776
1664842431
1665132164
1665501981
1665559497
1666066802
1667610828
1667778374
1667787528
1668761643
1673132150
1675092381
1675595600
1676100899
1676153123
1677891688
1678448218
1680300579
1681180080
1681527397
1682382673
1682999796
1683008449
1683533465
1683537912
1684353474
1685366658
1685846473
1686010546
1686059905
1686470468
1686744054
1687281755
1687409401
1687448007
1687468392
1688831585
1689381636
1689597179
1689629322
1689974293
1690059089
1690850871
1691046890
1693992223
1694238442
1695476410
1696662745
1696918936
1697450085
1697624150
1697874274
1699023326
1699739729
1701855203
1703194697
1703727216
1704682755
1705095018
1705579256
1705713238
1705834215
1706050264
1707086921
1708621929
1708732200
1708973299
1711793011
1712171905
1713249909
1714183353
1714937317
1715206658
1715867969
1716568268
1725664414
1725806763
1727558532
1728103292
1728147907
1729168633
1730314671
1731366124
1731400974
1732742393
1733331717
1733403045
1734847537
1735262420
1735850345
1736630944
1736975615
1737339583
1737562389
1737656521
1739275075
1740998568
1742281004
1742845472
1743311960
1743332733
1744302948
1745908511
1746288235
1746646355
1747039346
1749684138
1749977662
1752386119
1752518682
1752857260
1753015952
1753625102
1755138737
1755205316
1758634721
1759356008
1759392459
1759500823
1760647641
1762838757
1764637259
1765628745
1768557601
1769482411
1769759971
1770173592
1773825532
1776301942
1776568039
1777666392
1777702770
1778869154
1781599101
1781698969
1782188225
1784084641
1784331852
1784654754
1784820011
1785163667
1786826338
1786963842
1787198457
1787214320
1787619531
1788341088
1791109503
1791343661
1793227149
1794511794
1795487816
1795852206
1797417373
1799338251
1800164947
1800606168
1801362645
1803695550
1804866685
1807914143
1809474546
1809555361
1809884566
1809886021
1810762233
1810842799
1811318078
1812676749
1812865416
1812933509
1813341484
1814445901
1818914133
1820581711
1820598241
1821170890
1821507280
1821553150
1822157929
1822666784
1824639948
1825060766
1825496244
1825694986
1825739621
1826428956
1831258019
1831803005
1831880223
1832555811
1832641920
1832859305
1832891765
1833267479
1835363806
1837295852
1838246207
1839140380
1839275207
1839418858
1840044737
1840172256
1840799683
1841272517
1841603954
1841729521
1842073916
1844782949
1845563357
1846548350
1847149759
1848243895
1849317328
1849465367
1850297470
1851354081
1852988273
1853317063
1853655998
1854534349
1855158882
1855203410
1855495084
1856670969
1858761490
1860854333
1861057367
1862238214
1862358129
1862523050
1862632343
1864043968
1864269044
1864663836
1865265282
1865946416
1866542311
1867206603
1868581981
1868656188
1868797825
1869516814
1870350058
1872214336
1872268437
1875518078
1875733667
1876625869
1877370822
1878169565
1878186927
1880205787
1881768257
1882098607
1884488840
1884628189
1884729395
1884963478
1889787010
1890871444
1892167904
1892740112
1893281631
1893444284
1895429009
1895610278
1897407860
1898176670
1898200035
1898367712
1898869807
1899515129
1900767865
1901494224
1901557346
1902027874
1903731771
1904641673
1904656139
1905653949
1909058452
1912368635
1912469074
1913421919
1914165685
1914737063
1914952791
1915768370
1916341679
1916728382
1917325937
1917421797
1917571355
1917810962
1919021251
1919164835
1920142424
1920379534
1920714047
1921318702
1921519449
1922713664
1923533846
1924780141
1926155187
1926244361
1926465681
1927606268
1928774856
1928829448
1929645887
1929713372
1930761793
1931930378
1932076559
1932470927
1933746366
1933963152
1934499949
1935133516
1935299376
1935612234
1936455274
1937047333
1938592880
1939208244
1943817889
1944924664
1945668235
1945686747
1947972262
1950086973
1951774371
1957456104
1957899332
1958751520
1960674769
1961929403
1962055987
1962227693
1962280861
1963005058
1963532537
1965104234
1965753183
1966068962
1966451632
1966810250
1967702970
1967759114
1969095785
1970309156
1970359806
1970724151
1970907597
1971338974
1972606849
1972919251
1972969896
1974869170
1975886641
1977172425
1977900394
1979310079
1980041098
1981688516
1982698557
1983017656
1984587393
1987224501
1988218710
1988863723
1989482771
1991053348
1993894648
1995324631
1996851327
1997759078
1999130437
1999814526
1999916429
2002347649
2003352249
2004520156
2005001714
2005161248
2006006254
2006262810
2007236064
2008078494
2014700080
2015115259
2017190469
2017944483
2018784095
2019914562
2020025243
2020138285
2020204738
2020273174
2021409517
2022383191
2025674383
2026148227
2026150017
2027405177
2027433594
2027761056
2027883445
2029648937
2029843349
2030778354
2031546841
2031571200
2031618341
2032004805
2035425275
2035584203
2036263685
2036292468
2037717962
2037923712
2038441199
2039470154
2041184414
2041252456
2042064870
2042194246
2042347621
2043191592
2043713523
2045115393
2045543896
2045683085
2046091269
2046482846
2046921893
2047631535
2047654883
2048517468
2048530668
2048926167
2051332710
2051834177
2052404389
2052768198
2054928324
2056209688
2056656079
2056891555
2057826148
2058360782
2058691322
2059784321
2059881178
2059973064
2060003958
2061336964
2061714359
2063112713
2064216091
2065526090
2066404307
2066963823
2067043171
2068558620
2069782642
2070706335
2072078087
2073339512
2073805727
2074370357
2075523814
2076368065
2077233290
2077280489
2078651172
2078665810
2078817759
2080339212
2081221497
2081679206
2082251606
2083029733
2083359322
2084258767
2084493490
2084689346
2086512498
2087553931
2087756688
2087830870
2089196402
2090649190
2092068603
2092130854
2092557706
2094345266
2094888476
2096463718
2096786076
2099602696
2101286735
2102053434
2103731072
2103935033
2104665485
2105548834
2108172801
2108342582
2109604298
2110243577
2110837322
2114596866
2114841704
2115005095
2115355575
2116983900
2118042285
2118428871
2118613954
2120371303
2120600565
2121187614
2121461497
2122801494
2123475483
2124293505
2125772805
2126056689
2126637142
2126796110
2126885161
2127549686
2128236562
2128463963
2129059820
2129999293
2130003254
2130664104
2131373052
2132207466
2133382313
2134584921
2135238671
2137306597
2137680473
2137838555
2139279574
2142697629
2143890363
2144042684
2145571822
2146610698
2148547753
2148951565
2149734910
2150480682
2151260903
2151972936
2152126257
2152546398
2155334085
2155727777
2158224760
2159347950
2159516580
2159833852
2159922788
2161174923
2161777775
2162017570
2162989749
2163400856
2164616418
2164914148
2166239074
2166949907
2167366576
2168522734
2169211157
2171232825
2172180415
2172293661
2176225641
2178966345
2180379010
2180653490
2182898003
2183364081
2183410810
2183804001
2184584778
2184638107
2184995495
2185278822
2185291825
2187207653
2188780795
2189105494
2189110596
2189828119
2190162207
2190719277
2190830351
2191131511
2191358352
2191456757
2193053343
2193264045
2197202912
2197655578
2197950645
2198064815
2198895511
2199877948
2200691761
2201171166
2202352532
2202840420
2202989237
2205610676
2205619065
2206302581
2206854205
2206952280
2207111956
2207171696
2208411963
2208544492
2210324673
2210600327
2211007478
2212098613
2212395493
2213292498
2216368968
2216369878
2217805697
2219189787
2220533592
2220850122
2221400382
2222225491
2223055019
2223116468
2224247693
2224379292
2225139326
2227516017
2227856582
2228285563
2229112486
2229536947
2230959095
2231072118
2231847314
2232791154
2233024669
2234959842
2236569901
2236582540
2237403287
2238284866
2238300221
2239396553
2240003945
2240745800
2241436590
2241907018
2242226606
2242440584
2243204331
2243504408
2244202974
2247118346
2248448606
2248997477
2249641002
2251575981
2251714044
2251809882
2252550374
2252883195
2253571544
2257752182
2258272306
2258929816
2259519367
2259520078
2259899369
2260723049
2261622955
2262190138
2263870490
2264757421
2265420600
2265823490
2266401324
2268409674
2268746031
2269042853
2270078702
2270476732
2270664025
2271616770
2271797642
2271812589
2271979409
2272744058
2273387024
2273397806
2273420260
2274497556
2276617279
2276717371
2277015275
2279156788
2279674093
2280908161
2281204143
2281849614
2282348049
2283627689
2283827128
2284136640
2285381660
2286048477
2286076348
2287165816
2288780026
2291595340
2292943842
2293230639
2293974784
2293975361
2300580138
2301271899
2301460801
2303659918
2304147034
2304839253
2304977597
2305059274
2305521393
2306048659
2306586027
2306594567
2310677213
2311159148
2312860235
2313777565
2314748052
2315281384
2315459519
2316892923
2317282077
2319180399
2319277141
2319324372
2319716648
2320121714
2320279058
2320691407
2322884451
2324371518
2326472965
2327622958
2328213854
2330437226
2330899593
2331162685
2332617181
2333578323
2334489341
2334572014
2336144587
2336648092
2336829886
2339020432
2340518348
2341409637
2342935169
2344771294
2345246570
2345587690
2346473968
2346753642
2349121716
2349341389
2349754830
2349845879
2351095834
2352345047
2353890798
2354008901
2354610540
2355662854
2355732990
2355787304
2356858460
2357981659
2358284337
2359250669
2360320021
2360734000
2361350430
2361621729
2362839654
2363173452
2363281225
2364296528
2364323677
2365297477
2365335509
2365559267
2367628641
2369307493
2369376820
2370481532
2371170951
2371407755
2372572323
2374823758
2375067857
2375805412
2375924231
2376372976
2376632495
2376817827
2378956546
2379408034
2380906076
2382032667
2382053556
2382476262
2383100533
2384984691
2385473835
2386489996
2387388052
2387794488
2388899264
2389141555
2389201128
2390722175
2391071586
2391081352
2392052159
2392338994
2392603829
2392659503
2396599512
2397325667
2397518922
2397615767
2399337995
2399804633
2401634631
2402093229
2403342939
2404150287
2404939480
2404996086
2407233706
2408622463
2412337671
2413229519
2413306433
2415492285
2415595139
2416937266
2417521724
2418001712
2419856578
2420474547
2421500733
2422068525
2422394132
2422676714
2423475537
2423964581
2424044737
2427303268
2427581968
2428862656
2429639049
2431035283
2432331659
2432789014
2433300573
2433749459
2434022810
2436326561
2437917978
2438272515
2439348296
2440070122
2440423458
2441609642
2442666416
2443125318
2443943165
2444471279
2444529439
2445453659
2446273824
2446670798
2446839468
2447181470
2447801312
2449920175
2450107058
2450709258
2450775302
2451022413
2451397876
2451580175
2451915294
2452716130
2453589583
2454897302
2455449236
2457338838
2457505725
2457972201
2458256148
2458338208
2459622652
2459682753
2460781731
2460809117
2463919744
2465068108
2465349518
2467591156
2467598391
2470378354
2470873922
2472358662
2472433599
2473487354
2474912580
2475547977
2477870746
2478147534
2478594660
2479035825
2479443565
2482234262
2485342327
2488006539
2488247431
2489020011
2489632957
2489763145
2490178965
2490199486
2491387089
2491809359
2494158092
2494775396
2495914965
2496343698
2496727992
2497042036
2497388580
2497959793
2498028201
2499098166
2499858498
2500258309
2501514536
2501586972
2501613550
2502031414
2503638238
2503714925
2503922544
2505519419
2505692331
2507904864
2509106778
2509235960
2509257288
2509962071
2510254219
2510286760
2510476136
2510784577
2511784613
2511815793
2512249020
2513474739
2513500696
2513902032
2514077778
2514186435
2514790838
2514801096
2514847689
2515270897
2515871057
2516407030
2516732469
2516799695
2516938363
2517198724
2517651467
2519368284
2520158697
2520276164
2521398480
2522098839
2522227586
2523495043
2523789003
2524667563
2525495304
2525536394
2526986962
2527399998
2527442631
2528928140
2528991466
2529989415
2530435994
2530766454
2531246520
2533160143
2533680842
2534015634
2534882051
2535263393
2535442264
2536149616
2537056305
2537699857
2538493491
2538889298
2540574321
2542148460
2542509608
2542826835
2543260759
2546038381
2546614915
2547834933
2547916885
2548108780
2548177036
2549354562
2549476390
2549672149
2549961826
2550658365
2550714908
2551545749
2552432267
2552795631
2554090643
2555489016
2555601584
2555680715
2555785054
2558046417
2558125624
2559347741
2559405801
2559933024
2562833856
2564051685
2564749920
2565450665
2565469042
2565591084
2566241330
2566981571
2567653870
2567730011
2569437454
2569496441
2570331452
2570406069
2570917583
2571197981
2571554829
2573110315
2573247471
2573849622
2574612197
2575123686
2576085061
2578961997
2581334504
2583392007
2585062902
2585725134
2590808536
2591279476
2591763819
2593728861
2594141552
2594256508
2594604024
2594654045
2595842730
2596131180
2596981571
2597657428
2598673117
2599019389
2599050778
2601007895
2601745381
2601995081
2602101116
2604337423
2605177362
2606289877
2607031196
2607539983
2607931111
2608278813
2609379082
2610268767
2611245166
2612224734
2612597576
2613480865
2614497150
2615525234
2616276421
2617138795
2617919960
2619460184
2620144058
2622530108
2624085730
2624904205
2627646488
2628516003
2628855180
2629678642
2631502055
2631850770
2634087094
2637168556
2637278141
2637553155
2637561095
2637658324
2637975895
2638044435
2638094013
2638847064
2639128446
2639953184
2639960252
2640592241
2641226950
2647899674
2648784905
2648867912
2648873649
2649509243
2649986706
2652567670
2652918891
2652954491
2653082795
2653437334
2654901147
2655200260
2655851746
2655898488
2656114323
2657779360
2658030334
2660025584
2661051229
2661880784
2662773030
2664888097
2665701424
2665898408
2666660569
2666672643
2666697175
2667006172
2667086964
2668602652
2668721330
2669776085
2670073782
2671735193
2672029081
2673501566
2673931056
2674117503
2674804891
2674890214
2677176857
2677285082
2680408549
2680521260
2680662568
2681604116
2682476848
2683845546
2684586696
2685411404
2685735777
2686093761
2686696371
2687088180
2688161447
2690432646
2690707855
2690799982
2694937878
2698069908
2698288665
2700410199
2701743237
2701876857
2702099886
2704613436
2704914855
2705058797
2705564777
2705746078
2706005507
2706778816
2707732014
2707803664
2709504385
2710789871
2711876019
2713185239
2714032642
2716785016
2717065321
2718365842
2720551405
2721482945
2724332425
2725206665
2726652860
2726797451
2729484366
2731234420
2731588590
2731917495
2733175763
2735112140
2737985872
2739242739
2740149871
2740700628
2742263576
2743092737
2745107537
2747471187
2749229075
2751128377
2751342616
2751389954
2752396143
2753899490
2754420189
2755150267
2757726086
2758339328
2759219350
2759489329
2761811518
2765056550
2766250860
2767914171
2770594254
2777110155
2779042672
2779360240
2780950290
2781152386
2781547660
2781824999
2782034493
2782632408
2784914242
2785095455
2785270684
2785886212
2786049877
2787548222
2787757637
2787878207
2790165705
2791450006
2791528235
2794023242
2794447536
2795379701
2797415606
2797572659
2797772315
2798513194
2799687390
2800412978
2801248026
2801373908
2802002032
2808333728
2808738768
2809166154
2809458655
2810434264
2811110900
2811922302
2813231129
2814479355
2814602931
2816378383
2817528723
2817636002
2819828028
2820208702
2820510633
2821032760
2821651987
2823270965
2823468668
2824156309
2824246907
2824949109
2825629153
2827860549
2829210589
2830516312
2830874115
2832410645
2833203742
2833219619
2833428067
2833800646
2834576680
2835207775
2836908435
2837437214
2837557746
2838120444
2841398992
2842073667
2842502725
2842508539
2843179993
2844041040
2844363777
2844463991
2844891963
2845006387
2845245887
2845612803
2846404905
2847229357
2848249362
2848495249
2849553365
2850874808
2851385474
2853472724
2854137261
2855687318
2857277594
2858449856
2859126469
2859630282
2859876286
2862910859
2862977086
2863773989
2864269693
2864344851
2864426656
2864516110
2865368357
2865803691
2865884782
2866258815
2866310454
2866397757
2866415807
2867533804
2867597396
2868283905
2869479683
2870652165
2870923469
2871664360
2872001801
2872521054
2873252775
2873716871
2874143822
2876011930
2876645666
2876815679
2876816002
2877602083
2878608663
2879017492
2879334750
2879587042
2879865116
2879914483
2879929190
2881096607
2881808786
2882442683
2883854921
2883878331
2884655281
2885175036
2887352906
2887655474
2889463510
2890997250
2893006171
2893809749
2894396885
2895867968
2896019528
2897270352
2899373147
2900477291
2901522749
2902003702
2902101536
2902325551
2902887807
2903036742
2904614075
2906021022
2906549300
2906967515
2907337127
2911841502
2913432308
2913868031
2915089759
2915549400
2916127023
2916229068
2916607317
2918422227
2918883718
2918979546
2921375868
2923014311
2923190121
2924258021
2924916109
2925318420
2925921713
2926099603
2926502489
2927720619
2929215946
2929262241
2931732711
2932313746
2932588514
2933237818
2934960642
2935090454
2935638569
2937236452
2938656376
2939318587
2939944748
2940088924
2940127694
2941338691
2941655646
2942986759
2943255274
2943501253
2943629943
2944743518
2945911473
2946464916
2948964864
2950256700
2950742056
2950858729
2951310653
2952470213
2952997068
2953585270
2954672220
2955061401
2955812045
2956054924
2956276437
2957196267
2957222818
2959031855
2959888927
2962938826
2964929378
2965391214
2965845659
2966166482
2966510663
2968277326
2968336951
2968466193
2968766237
2969631555
2970659975
2970979586
2971114769
2971713188
2971848593
2972193851
2973048406
2973815068
2973894408
2974093502
2974292669
2974473738
2974677724
2975013578
2976169460
2976595652
2977467873
2978944767
2979099455
2979503871
2979612464
2980326122
2980541452
2981085668
2981294570
2981315130
2982391821
2982687449
2982741074
2984395960
2984583338
2984847788
2985184378
2986678289
2987044572
2988326400
2989814483
2990149043
2992084614
2992162785
2992218522
2994189776
2994631650
2994691184
2996618300
2997768112
3000911156
3000985149
3001414532
3001834412
3003471072
3003846623
3005178602
3007877863
3011073171
3013365926
3014208082
3014562468
3014932610
3015661125
3016369542
3018528551
3018820458
3019559592
3019950979
3020100526
3020413527
3020495867
3024321838
3024542102
3025147149
3025454781
3025585992
3026246936
3026897312
3027383631
3028911321
3029708942
3030363585
3031421959
3031493474
3031779688
3031893398
3034533131
3034670190
3035630067
3036438748
3037750493
3040323175
3040622232
3040825822
3041458840
3041820263
3042233239
3044479099
3044853455
3046564545
3048155162
3048721055
3049697738
3053717575
3054932513
3055260608
3055387556
3055621433
3056411814
3056738793
3057737803
3057872359
3058377013
3058708430
3058837384
3059630772
3060665207
3061039485
3061234410
3061475689
3063830366
3064225538
3064915529
3065326935
3070726738
3072317388
3072888884
3074814856
3075172545
3075545510
3075586709
3076859736
3077044897
3077082968
3077195138
3077495696
3078588287
3078797829
3081125948
3081833276
3088677314
3090925498
3093454061
3094086665
3097439577
3099223614
3099999727
3100478224
3100529947
3101807735
3102860808
3103059827
3103405364
3103593001
3104507264
3106552396
3106601414
3107072295
3107302655
3109227095
3109272813
3109829139
3110449561
3112140768
3115287051
3117505014
3117535116
3121339607
3123760706
3124289847
3125277873
3126004695
3127971686
3128144716
3128346153
3129971664
3130353739
3131126158
3131639541
3132560401
3134162391
3135031978
3136123006
3136584156
3137425293
3138010433
3138171127
3139686801
3142775017
3143374393
3143474017
3144438813
3144830894
3146178585
3147336414
3148009571
3149081829
3155487783
3156771375
3156913410
3157160019
3159992641
3160428989
3160614817
3161018134
3162039283
3162944515
3164301986
3165079827
3165264929
3166608620
3166965484
3167188327
3167265101
3167778759
3168995991
3170712880
3171491672
3171815078
3172354526
3173999461
3174108535
3174454704
3176473224
3177189986
3178252215
3178351360
3178833031
3179390407
3179651879
3179872241
3180675759
3181721236
3181853232
3182038468
3183314656
3183506931
3185141754
3186619911
3188247727
3190023712
3190421407
3192395146
3193230159
3193372171
3193393027
3193550536
3194143709
3194288397
3195095878
3195345247
3195768513
3195856042
3196236791
3197192124
3197720981
3197779749
3198129606
3198441091
3198627169
3198964916
3199019838
3199477688
3199484437
3199567604
3200066055
3200443176
3200683111
3201179736
3201241432
3201382057
3201879258
3203198348
3203503375
3204165605
3205250532
3205571347
3206090840
3207451267
3207476757
3207495580
3207586602
3209431993
3209545000
3209847838
3210222346
3212851689
3213774473
3214786116
3215894440
3217798257
3218183874
3219035634
3219473387
3220761814
3222780561
3223248447
3223473301
3223747692
3224136115
3224237417
3224871894
3224974590
3225275316
3227567346
3227953485
3228297981
3228493967
3228535794
3228784508
3229517133
3230131073
3230542037
3231236962
3233156839
3233973263
3235422896
3236089669
3237788918
3238060722
3239499033
3240552350
3241012813
3241220969
3241362228
3241748217
3241764663
3242416421
3243046048
3243835959
3244587310
3245452817
3245601310
3245972322
3246360099
3247151448
3247801676
3248495898
3248933700
3249911986
3249961827
3250230144
3250648805
3252403507
3252983401
3253023827
3253054082
3256804848
3257157840
3259739525
3260270674
3261077916
3261424104
3262807707
3263228700
3268800200
3269584556
3269654651
3269770459
3269960843
3271540838
3273139768
3273249954
3279201852
3279661307
3280980169
3281821212
3281940031
3284612968
3284681517
3284888372
3286983523
3287242081
3290224733
3290854173
3292466803
3292661101
3292695320
3293053877
3296452689
3297201723
3297408062
3297890576
3298540611
3299323914
3300397255
3301033993
3301287807
3301460877
3301956434
3303438844
3306931794
3308268226
3308708642
3309014273
3310939614
3311930080
3313468655
3314322844
3314958223
3315766913
3316643508
3317759489
3321715077
3324230273
3324469655
3325922613
3331098443
3331953348
3332475783
3332949761
3333762364
3338473900
3338610102
3341384857
3341785551
3343230424
3343523765
3344133448
3345682497
3345818157
3347861365
3348033750
3349952205
3350792794
3351716794
3354457420
3354769529
3355374976
3356690963
3356888823
3357169422
3357520363
3358520070
3359236130
3360149226
3360299751
3360320893
3361197428
3361461160
3362357345
3362472748
3365996098
3366068773
3366699288
3367916176
3367926305
3368357768
3368982854
3370707294
3372206826
3372659309
3373758471
3373938287
3374650830
3375567014
3377571265
3378336215
3379079927
3382275059
3382312937
3383523114
3383649563
3384002158
3384426369
3386318618
3387816512
3388255107
3388672444
3388680255
3388937936
3391089262
3391943528
3393069284
3393229686
3393987836
3394812909
3398781803
3399001263
3399458015
3399668722
3400583371
3402148018
3403564180
3404159736
3405153279
3405316269
3406682675
3406704862
3407576042
3408505898
3408733193
3410121871
3411615145
3412216794
3412448348
3412658622
3413441502
3414957463
3415058836
3416915079
3417407630
3418702372
3418871315
3420847781
3422094114
3423420171
3423484356
3426003831
3426486223
3426605699
3426613440
3426974085
3428633156
3428834403
3428987950
3429030712
3429435699
3430230055
3431479766
3431612756
3432087808
3432659835
3432869938
3436104263
3437910837
3438179502
3438245741
3438679883
3438942696
3440293424
3440723084
3441430170
3441839262
3443136280
3443150420
3445314060
3448368796
3448834766
3449035045
3449066122
3449929199
3449969881
3450050349
3450740280
3452543827
3453473202
3456725990
3458748478
3459856721
3460465114
3460649246
3461776538
3463664538
3464574806
3468973535
3470080985
3470223072
3470553764
3472854471
3472885297
3473246684
3473325583
3473422063
3474796788
3476351959
3478075602
3480722114
3483370742
3483624650
3483797951
3484467858
3484522179
3484548256
3485372256
3485508021
3485706938
3486404819
3488718286
3489079244
3490021722
3490559758
3491273001
3491816062
3492576395
3493134520
3493481623
3493748136
3494856408
3498890057
3498911322
3503582956
3504900573
3506307699
3506479335
3507907251
3508580025
3509097572
3512081687
3512182991
3512263413
3514803753
3515248863
3516002125
3516045846
3517488486
3517509657
3518005885
3518127226
3519545914
3519709675
3519958344
3521000115
3522322099
3523210644
3523567992
3523800688
3524223765
3526346485
3526374432
3526811842
3528483989
3529143884
3529638918
3532311828
3532980098
3533808086
3533877049
3534104484
3534214224
3535206435
3537450953
3540445106
3541270197
3541293242
3541785703
3544639037
3544914531
3544956875
3545020140
3549220415
3549842012
3553283126
3553568253
3554257012
3554355944
3554944334
3555160596
3555767482
3556195170
3556370027
3557166165
3557322522
3557678610
3559116776
3560690060
3566201154
3566463411
3567319271
3568017364
3568336187
3569141383
3570795847
3571037452
3571903397
3571931650
3574493538
3574871788
3576459763
3577744797
3578013757
3578309567
3578782671
3579172383
3579984722
3581242357
3581941595
3585625785
3586510261
3587035073
3588368975
3588395758
3589770718
3589860512
3589947086
3593505693
3596992785
3597019158
3597373661
3597659846
3598152562
3598159913
3598504196
3599089965
3600124097
3601553492
3601582027
3602055662
3602902042
3603166450
3603258593
3603401605
3604952587
3605848337
3608575349
3608651740
3609703360
3610565566
3610585367
3611121495
3611807615
3612834979
3613835399
3615612987
3619458798
3621042212
3621719121
3623274491
3623398901
3624142203
3625614189
3626322689
3628174930
3628418130
3628507730
3628574045
3628642109
3630047670
3631268166
3631647143
3635060102
3636095887
3637159164
3639387826
3639453952
3639461762
3639997937
3640670643
3640878868
3641838599
3642131860
3642502643
3642507232
3642539247
3645249467
3645259835
3645614855
3645881844
3646270382
3647290924
3647865501
3648306860
3648583049
3650549738
3651564589
3651822462
3653798536
3654177330
3654466289
3654695466
3655976074
3656231825
3656600567
3656800981
3658980721
3660046962
3660508960
3660679490
3660944643
3661395805
3663144478
3663648225
3665740059
3666350530
3667100490
3667241085
3667990364
3668659339
3669503480
3670772946
3671231109
3671264390
3671376968
3672305324
3672439680
3672468988
3673531161
3674485257
3675154480
3676914159
3677685141
3678867060
3679295782
3680524724
3681331789
3682195118
3682199776
3683514339
3683577570
3683688255
3684575262
3684674787
3684862048
3685678202
3685860614
3685929631
3686770631
3688047395
3688320029
3688537075
3688863919
3688940468
3689383318
3689391967
3690794539
3691914319
3692585566
3692622613
3692911888
3693150180
3694739518
3695634046
3696109754
3696134883
3696576864
3697348425
3697572175
3697684011
3698459936
3699547143
3701201516
3702295658
3703364381
3703602825
3706947251
3707062719
3707547360
3708431048
3708634244
3709216354
3709842191
3711330758
3714196651
3714601326
3716081511
3718425995
3719801675
3719898021
3720164035
3721003932
3721202793
3722976329
3722998386
3724581638
3725521677
3727192612
3728031005
3728099691
3728107899
3729476926
3730641215
3732820147
3733668038
3733776794
3734521798
3734780475
3735089647
3735091793
3735557926
3736492750
3736844094
3737282846
3738983439
3739735697
3741001088
3741787709
3742267761
3744990175
3745006986
3745582428
3745671521
3746016627
3746835573
3746962526
3749500461
3749971851
3749998433
3750521537
3751084229
3752559328
3753191096
3753670442
3753772101
3754457721
3755127969
3755331347
3756435263
3756455566
3756742802
3757046976
3758329959
3758975816
3759273141
3759302257
3759350079
3760061049
3760215252
3761819458
3762277376
3763750670
3765493983
3768371921
3768820233
3769022423
3769520513
3769617099
3769900195
3770288463
3770870273
3771280996
3771370154
3772631559
3773681304
3774370094
3774514178
3774596711
3778744363
3778757225
3778963826
3779461482
3779862310
3780181858
3782460244
3782633227
3782700745
3784099354
3785129280
3785988300
3786274568
3786675519
3789414441
3790221052
3790377438
3790932758
3791673961
3792158735
3792989424
3793364323
3794029524
3794070492
3795425507
3796110734
3796537139
3796597546
3796696474
3797388594
3797812932
3798198146
3800207942
3802781438
3802926004
3803086168
3804863542
3806001203
3806020513
3806375647
3806861697
3808896498
3809636169
3811227148
3811326926
3813004739
3813920926
3814108685
3814286737
3814314654
3816877303
3818028710
3818963532
3822717335
3827745450
3827777188
3830197858
3831078457
3831273790
3831276808
3831276918
3831916729
3833190492
3836147345
3836732441
3838719982
3838908569
3838956597
3839185176
3839291765
3840108517
3841122977
3842648473
3843034770
3843566712
3843721402
3844985255
3845396339
3845984223
3846068045
3847390710
3848420482
3848521594
3848960396
3849191951
3849258973
3851447115
3851520894
3854019817
3854414726
3855473305
3856322389
3856414463
3858734844
3859966036
3860282059
3863637635
3865372399
3865387481
3865733094
3866759704
3867742246
3867951589
3869257930
3870394571
3871903768
3872715276
3875437758
3875500066
3877303488
3880548713
3882539894
3883668612
3884452534
3885533384
3886197182
3887257922
3888156985
3888489361
3889674230
3890043159
3890693213
3891754205
3892509022
3893210880
3894347863
3895409017
3897376256
3898265479
3898306943
3899346575
3900876721
3901000111
3902032445
3902255706
3902882814
3904239477
3905342767
3906710557
3909075260
3909489811
3909583313
3909620806
3909995550
3911479969
3912099894
3912795417
3912805762
3913985961
3915561160
3915623812
3915905280
3915975210
3916293254
3916487357
3917485955
3917691357
3917885309
3918373724
3918573947
3919971286
3921376064
3922282286
3924703983
3926871386
3929434911
3930636926
3933279026
3933324488
3933558922
3934728619
3935102140
3935950573
3937482826
3937769138
3939220582
3939940684
3940496242
3941311398
3941491618
3941715173
3942416789
3942845264
3943263940
3943285724
3944614180
3944732306
3946148976
3947238862
3947540268
3950383772
3953808265
3954513843
3956472789
3957718775
3957888665
3958262751
3959246733
3962015068
3963171583
3963499504
3963998959
3966450666
3966770628
3970838267
3972083132
3972592649
3972625557
3972871314
3972959494
3973941337
3974455395
3974606397
3975035297
3976074899
3976202486
3976800232
3977283019
3978027427
3979659602
3979709690
3981311050
3982205834
3982250619
3982684942
3983749669
3984403466
3985800138
3986216040
3986439218
3987419152
3992845979
3993416643
3993515260
3994358858
3995183223
3995669504
3995702780
3996621897
3996723651
3997176306
3997384300
3997965322
3999884594
4000380180
4001577488
4002124678
4002480408
4005796288
4006607274
4007096083
4008625687
4008644894
4008681014
4009261280
4009978141
4010561259
4011611369
4012092293
4012583787
4013619693
4014878201
4015024701
4015863173
4016180882
4017258574
4017567184
4018099859
4018214069
4019395598
4020058241
4020286204
4023661555
4024200924
4025120662
4025671869
4026472502
4026619867
4027309168
4027464348
4027695331
4028559990
4028719186
4033020883
4035514134
4039091054
4039860038
4041730223
4041906547
4042919883
4044428225
4045001759
4045110329
4045265100
4045981559
4046761138
4049922871
4050243582
4052600000
4054645991
4055979526
4056104157
4056294905
4056612137
4058056848
4058759028
4059510986
4060091012
4061178644
4062023769
4062634616
4063252639
4063642522
4066746948
4067594693
4070620244
4070917660
4071247217
4071755806
4071870528
4072117397
4073667394
4074712728
4075795687
4076831216
4078576306
4079403619
4080084095
4081501122
4081839563
4081984882
4084581584
4085526000
4086645882
4087025077
4087190707
4088024514
4088135289
4091087784
4091510323
4092187849
4092369640
4093400511
4093447564
4094223981
4096075762
4096388440
4097266418
4097318370
4097948782
4099168071
4099819564
4100020683
4100754968
4100842120
4101109776
4101242831
4102732395
4103487545
4103644321
4104189146
4104666918
4104680961
4104785004
4106513074
4106523329
4108132320
4109924977
4110142629
4111737838
4112089114
4112635376
4112717648
4113226856
4115951813
4116220212
4118703744
4119239494
4119819591
4120019280
4121199919
4121794120
4122162079
4123240376
4123389756
4123810922
4126966060
4127721632
4128245783
4128431062
4129031082
4129099144
4129164194
4129472204
4129553043
4129618071
4129665980
4132674515
4134116243
4134395290
4135486948
4136629489
4137042712
4137561281
4138082939
4138095546
4138149517
4139181079
4139509448
4143520462
4149855572
4151256318
4151537625
4152219627
4152491896
4153114539
4153171008
4153334768
4153458584
4154057837
4154896911
4157590944
4158698020
4158855732
4162889017
4164922233
4165057482
4165631870
4166071339
4167193235
4167927433
4168412267
4168754391
4169290997
4171106394
4172630919
4173194941
4174240873
4174412882
4174606854
4174716248
4174926331
4176038757
4176480817
4176672080
4178218540
4178432664
4178500566
4178546230
4180473285
4180525108
4182148163
4182599425
4183283096
4183888162
4184545971
4184779030
4185157880
4185288178
4186636255
4186643717
4187612123
4188939410
4189016765
4191438676
4191462611
4192059571
4192095134
4193707375
4195623978
4195995485
4196703243
4199491708
4199801511
4200458302
4200657817
4201425809
4201427662
4201627174
4202407265
4205339489
4205405075
4205611052
4206126392
4209094898
4209172331
4210434834
4210622340
4210643095
4210830866
4210921180
4213804530
4214278734
4214940185
4215973630
4217480319
4218214997
4218532475
4218677585
4219732692
4220310181
4220734402
4221124868
4223771583
4224776447
4226140355
4226392514
4227968224
4228791304
4230204348
4230678047
4232823935
4233108761
4233180327
4233671696
4234390572
4234483456
4235340159
4235666928
4235911652
4236616991
4236628172
4237551531
4237742560
4240222516
4240503301
4241226285
4242782704
4245839734
4245974113
4249526676
4249538953
4251457041
4252962127
4254275094
4254512193
4255786709
4256536787
4257063899
4257655796
4258740092
4260130389
4261672729
4262377471
4263711955
4263811074
4264825762
4265196732
4266382907
4266615164
4267869188
4267876772
4268253156
4268311073
4270011557
4271541978
4271882853
4272843398
4273220971
4273961431
4275275766
4275805614
4278916887
4279768214
4282898465
4283033664
4283045866
4283130823
4283279800
4283887169
4284412317
4285101519
4285103613
4285311495
4286643642
4289057686
4289382258
4291869998
4292946758
