743889
935087
1223954
1278540
1338910
1531693
1660500
1869327
2452457
2560396
2615566
2643789
2952583
3233707
3842090
4136242
5065995
5202905
5297027
5300223
5559462
5617454
6331113
6381579
6874588
8076196
9774252
9993516
14093291
14431732
14939810
14964586
15156048
15411269
15796237
15995916
16287450
16379354
16832781
17272535
17549400
18280728
18545900
19164368
20437372
20575837
20600929
20894811
21037187
21206614
21512203
23286835
23331095
23356456
23504000
24017973
24321632
24374998
25321608
25382399
27079003
27315902
28018063
28261745
28799610
30150570
31585275
32298346
32480015
33109548
33679800
33780456
34075546
34538347
34704747
36132581
36587016
36841069
36937593
38065175
38827290
39192171
39426294
41237114
41501396
42550436
42664508
42848403
42882621
43220498
43358216
43815477
43889631
45938488
46064843
48041951
48583925
48961789
49025146
49380042
50240044
50313351
51051388
51274816
51441087
52855177
52896004
52971852
53652219
53959115
53973008
54228506
54395476
54872768
56345716
57419978
59067545
59380034
59658504
59947782
60041419
60276247
61111617
62434919
63107471
64309544
64322077
64592949
64945719
65066153
67439034
68631981
68801048
68935576
69085646
69284727
69393257
69718612
71199505
72593065
73129336
73781287
75019480
75389335
75510910
75771342
76117534
76181636
79979762
80386252
80492076
80845449
81725167
82642421
82765005
82814163
85974129
86118088
86143541
86237684
87398478
87665850
87886676
88434379
88618978
89267334
91365604
91478303
91684459
91815129
92294639
93507132
94410482
95043011
95427559
98669495
98793537
99360438
99491053
99583222
99725353
99845281
99916365
101147974
101402613
102864332
104544627
104658781
105099838
105449634
105593844
105716898
108310363
108878379
109041190
109129118
109372558
110244560
110651297
110651644
110811779
110821542
111877948
112003459
112083429
113458459
114184891
114247481
114759216
115088898
115270512
115319930
115446059
115999685
116207319
116645718
116660465
117015552
118160527
118494211
118547458
120895375
121353847
122542761
123321844
123459098
123626163
123945295
124085858
124087559
125626763
126057893
126346606
128523665
129895179
131269837
132275035
133609324
134026375
134670802
135820427
136102201
137030736
138360640
138735816
138912776
138932248
138958052
139105849
139265315
139711734
140009191
140514705
140781458
142139851
142152393
143466691
145207696
145213681
145470542
145964568
146239789
146468555
146719806
146723190
147024440
147529361
148212440
148865652
148988703
149052609
149278061
150398516
150409224
151518419
151607614
151898539
151909850
152632574
153035698
153080757
153367701
153759887
154011280
154168778
154568044
155177225
155445792
155834779
155864434
156378180
157369021
158178095
158265894
160580898
160808477
163229738
163690150
164075704
164182181
164350335
164500389
165125319
166061734
166146397
166242523
166434702
166591566
166845333
167179319
167593180
167914600
169655525
169747904
169776791
169798356
170042405
170872001
171260767
171338646
174780242
174857289
177265022
177656371
179455213
179673516
180032461
180925951
181259942
181461404
181674860
182235008
183108882
183222107
183348751
183372414
184350554
184822783
185295918
185434100
186337057
186864796
187154165
188245042
188841139
189041783
189489836
189965098
190529148
191675281
191681830
192680032
193115222
193116701
193653118
193972733
194764613
195221104
195368091
195927931
196859413
197017869
197940824
198736304
198739942
199165153
199169615
199357349
200098804
200804085
201937874
202519962
203107766
204976687
205489814
205502504
205651020
205828944
206146833
206438942
206551027
206623272
206871639
207158178
207641137
209307810
209490560
209553608
209670818
209682966
209718733
210055438
212899928
214503580
215487509
215881443
216489497
217522605
218021712
218028898
218769081
218907798
219097507
219416606
220263514
220756860
221325700
221492866
221771540
221851606
221954551
222483228
223037261
223667868
223759179
224508926
225112272
225748614
225927027
225962405
226449340
226727984
226911359
226965743
227635800
230595969
230633860
231978723
232682103
232970854
233502494
233837400
234738847
234766342
235004715
235338252
236485548
236754554
237780041
239290352
239607814
240195914
240212567
240273421
240690992
240868718
241800801
242007764
242267845
242551221
243339385
244634430
245077276
245218354
245796511
246150728
246872939
246924409
247931716
248152028
248425127
249646318
250204869
250749602
251745537
252253258
252674647
252899791
253892475
254431025
254712906
254871542
255094327
255225572
255776626
255930147
256576351
256738928
257189570
257513488
257727929
257769943
258028447
258329135
259266143
259285916
259801623
259884143
260413360
260492615
260792262
261315927
261316747
261320012
261347096
261738185
263829847
265851743
266091346
266635477
268399724
269311941
271057581
271073919
271417660
271461317
272497441
273079748
273451297
273628048
273689375
275703834
276299566
277260400
277264023
278303591
278545303
278926311
279411673
279475924
280396921
281707175
281869436
282474347
282557898
282680375
286275958
286943975
287030255
287111288
287127297
288290683
288750436
289101071
289356054
289440025
289737780
290555121
290754541
290770387
291100105
291114367
291582797
291960507
292053975
292185477
292241425
292347059
293500091
293784355
293843958
294646343
295651990
295797663
295922109
297119308
297668513
298049917
298256177
298787141
299110569
299228964
299451114
299658694
300280714
300769193
301141168
301646404
301776961
302485353
303064188
303659634
304744834
304937862
306226309
306234684
307109621
307124757
307484292
308331207
309657578
309819715
309851131
310071169
310430507
310659349
311096316
311868606
311972807
312108249
312655441
312947291
313656714
315477877
315673485
316778980
317127432
317266824
319290002
319609771
320385967
320625914
321460518
322730178
324275895
325564158
326105810
327121935
327348553
327833866
327869557
328081973
328658071
328677036
330139829
330246605
331156170
331466300
332730374
333219349
333913174
334236159
334952355
335118868
335450944
336090478
336821346
337154536
337163347
338515415
339499139
340061652
340272700
340713179
341031682
341244249
341329463
341507307
341828673
341949722
343444267
346093199
346200385
346234105
346422994
346475009
347079183
347097222
347362222
347755880
348306123
349523447
349756948
349883146
349966287
350028624
350280151
351360206
351591264
351939539
352957958
352966201
354476467
355095202
356540155
356626811
356857757
356975623
357312045
357495923
357720133
358124418
358675984
359803048
359992787
360370501
360641323
360943049
361258736
361375724
362313000
363156559
363204802
363248686
363386335
363939782
364655616
364763523
365454395
365768579
366270772
366281018
366290764
367574783
367674658
367754867
370067869
371668411
374173278
375035997
375635419
376322825
377164072
377664355
377836780
377885991
378063978
379649995
379755914
379981043
380414143
380557807
381517440
382658231
382797636
383497892
383869334
384191387
384525915
384894561
385226232
385421075
385921685
386013505
386659164
387514049
387624800
388077741
388396840
389034124
390241327
390534821
390609558
391935201
393517663
394663409
395150687
395611148
395837345
396848529
396896807
397223932
398890919
399148070
399622937
399643615
399873964
400054311
400242642
400837317
400966413
401470073
402126549
402191465
403197651
403498522
403943741
404249560
404619610
405600759
405667622
405951467
407341427
409790808
409894759
410990446
412436731
414214018
414428545
414666658
415005001
416615907
416704467
417143686
417255965
417360185
417884664
418307409
418983731
419197744
420120686
420226909
420602816
422036457
422736383
422891875
423004788
423533841
423644140
424635837
424902722
425589903
426339578
428916373
429812791
431106196
432422582
433048401
433704276
434124598
434321876
434687732
435413519
435457890
435641334
436582444
436624229
437193317
437784721
437980532
439149415
440163387
440433824
441214664
441701512
441898892
442292624
442601403
442609357
443003052
443251246
443397264
444600161
444987619
445696628
446268692
447175323
447891150
448514866
448870712
450068152
450210954
450240741
450254633
450286616
450296927
450703679
450853388
451113991
452419616
452768964
452787382
452916921
453726965
454099214
454922050
456698791
457021109
457358094
457566993
457690431
457965290
458295615
458316530
458649146
459350888
459711144
460001992
460762862
460912591
461991316
462254958
462707722
463008476
463384605
463834503
463861332
464161054
464568748
464799727
464933112
465202767
465362488
466474872
467669208
467859037
467861421
469009540
469485710
469559715
469592579
469603974
469897394
470091135
470144447
470331374
470498721
470787713
473910569
474103244
474575142
475544535
477191655
477609864
477861411
478461461
478529141
478548869
481049978
481261200
483008821
483595834
484377095
484803013
484932878
484952517
485728432
487079716
487506017
487506238
487512222
487597804
489922260
490145724
490228344
490355840
491476067
491888374
492012930
493005093
494825892
495170974
496216374
496262667
496864297
497622324
497855320
498007992
499629780
500423577
501743912
503801027
503818974
503867132
505685680
506581672
507278988
507292427
507309219
507479474
507936310
509481788
511314736
512012730
512153270
512656037
513187004
513255278
515264676
515946761
516583000
519006432
520818392
521516577
523015978
523369655
523648017
524752513
524851793
525103251
525139434
525352900
525943370
527344685
527686273
527764853
528489340
528696542
528977853
529491605
529530087
531079518
531387324
531688898
532236028
532310695
532710134
533362320
534425820
534494450
535449276
536261484
536350027
536638984
537800884
538061007
538116190
539524346
539591156
540851636
541006204
541143573
542672890
542707059
543999245
545696389
546232596
547362782
547398893
548779851
549017505
549377381
550053728
551667318
551805294
552226294
552244863
552269872
552401281
552837844
553290063
553678360
554103520
554595168
554942597
555056512
555505822
555640406
556100763
556961826
557928758
559200959
559788896
559807738
559895129
560075608
560139852
560255468
561707607
563206241
563745186
563998051
564965325
565076272
565182769
565908834
566352015
566419896
566519027
566756630
567010610
567204878
567550236
567894819
569256857
569461412
569544842
570039578
570889768
572117207
572235653
573411603
573747174
575319254
577619063
578046349
579058069
579262322
580259721
580266454
580685855
580724807
580841120
583846026
584175474
584460533
584665528
584672632
585420722
585520115
585736405
586512103
587161921
587173922
588031561
588061054
588691836
589086514
589213551
589738465
589866990
589924187
590520317
591603562
592524441
593460017
593471323
594346074
594780364
595695720
595748596
597410874
597572965
599090670
599425149
599604427
599682633
600721587
601124816
601750000
601866339
602505685
602710250
602879900
603479908
603927398
604606615
604783447
605100776
605121615
605553560
605605756
606400305
606554584
609189428
609522691
610139979
610582530
611454631
611634657
611677940
611764945
612364479
612408318
612851654
613053542
613198417
613318931
613561332
613962393
614707542
614791831
615233891
615317836
615623427
616028205
616351489
617110664
618464466
618832829
619588002
619748205
619823544
620171041
620473382
620695035
621001499
621169963
622062638
622237788
623297430
625032856
625383295
625388138
626932184
627194142
627255313
628603811
628950907
629686044
630451328
630579567
631159747
631545561
632518231
633394753
633600369
635149179
635315099
636975929
637089774
638141827
638588681
639854228
640147267
641120114
641766266
643112625
643471095
643715630
644076984
644295875
645238627
645395480
645752560
645991562
647932134
648330588
648389003
649875059
649964980
650111105
650667508
650741764
650811139
652405550
652483582
652810598
652927587
653099513
653492205
654281719
654515857
654555219
654616380
654762161
654800514
656121234
656629687
656703865
657044454
657429219
657698422
658149205
658443112
658942817
659233646
659486390
660070908
660548016
660647121
660990324
661347591
661466733
661725167
662362551
662593582
663006762
663434932
663468529
663721214
663756438
664320723
664328125
664342706
664702549
664860801
665027683
666306285
666386006
666706130
668184287
669266297
669451004
670046014
670604705
670956583
671616484
671643268
671681512
673123423
673204603
673547228
673911935
676647972
676695390
677150312
677307306
677826899
678734647
678939342
678950618
679806632
679854866
683340585
684226230
684870986
684980642
686492392
686644258
686729946
687484120
688398615
688424529
688481204
688923541
689304380
689342938
689458248
690336698
690454422
691345079
691441718
692035849
692310645
692511996
692771275
694563503
694644112
694704350
695851587
696272343
696560036
698339475
698424778
699204646
699245637
699343343
700362869
700648485
700741037
700929619
701017978
701734119
701976594
702351463
703820690
703924101
704537757
705422156
705670486
705906326
706274061
708513433
708908405
709049235
709382567
710963334
711171799
712348129
712418305
712450463
713954314
714158919
714914579
715016982
715052098
715103569
715229607
715417437
715861349
716141733
716554282
716676872
717864168
719781711
720192789
720362121
720555534
721346322
721457536
721631854
721935174
722080951
722133165
723099358
723168286
724536872
724591195
725398750
726034103
726603299
726645001
726949378
727134933
727597779
728041386
728264251
728629314
729132588
729396295
729490065
730216689
730216967
730591892
730694091
730718855
731004217
731718303
732494161
732809691
732824340
733719109
734248184
734391145
734430102
735792125
736242784
736354354
736428864
737629594
738572592
739982882
740186970
740425537
740586256
740640829
741082285
741327487
741496827
742673566
742717091
743352268
744128016
744175517
745204235
745468805
745717334
745922967
746017653
746310918
746813655
746830755
746883966
747050777
748990991
749165947
749950269
750053736
751158900
752075386
752827369
752988262
753682669
753816041
754104659
754392702
756157648
756929012
757788244
758265618
758480017
758817255
758982391
759084294
759421936
759572413
760071644
760843753
761228884
762192007
762224557
763018431
763181445
763388620
764276315
764315649
764453827
764462997
764478240
764946021
765266849
765414346
765681690
765769935
766735756
767858813
767971100
768099826
768160452
768438019
768817723
769085045
769391358
769613190
770158734
770488497
771113616
771230231
771762091
771956880
772601102
773040494
773405338
773751939
774052153
774213695
774463803
777111591
777356872
777646941
779995296
780097555
781294100
782510153
782792320
783258041
783558425
784181241
786577514
787072319
787190939
787211282
787648322
787933377
788247103
789116971
790214383
791511218
791965652
792075310
792245865
793275045
793683586
793701526
793833174
794088174
794543395
795122271
795132306
795967655
797450949
797462259
797519354
797565200
798265710
799550859
800170101
801877224
801894771
802124248
804828461
804998458
806258278
806621588
806865696
808504956
808585413
808849485
809431732
809602394
809816648
809877031
810024150
810245065
810299975
810380502
810798234
810848339
810869724
811547307
811562974
812664302
813005233
814242656
814476216
815841342
815893383
816445119
816993197
817834411
818380718
818707713
819352798
819756844
821026571
821553704
821601308
821761667
822642086
823515146
823989453
824155510
824202693
824585109
824816998
825186323
825824755
826007716
826279285
826957282
827202656
829033897
829423748
830087230
830632646
831021865
831135183
832039595
832528622
832614717
833120628
834257621
834265230
834560669
835189524
835908577
837175691
837244789
837251642
838972859
839407627
839762746
839779937
839876276
840293164
840537095
840722128
841042472
841260502
841484041
841782531
841819053
842113978
842230237
842470666
842627707
843359422
843671750
843748226
843781115
844518041
844628102
844892944
845501640
845876905
846593246
847548589
847874512
847883234
850742920
850760675
851048338
851089512
852273742
852653759
853372427
853563094
853684557
854155331
854518274
854819634
855340756
855907018
856799515
857990348
858035816
858122668
858460681
858629158
858828148
859689271
861824542
861981499
862633918
863989356
864503883
864609232
864624152
864755385
865970873
866789176
867130378
867167232
867239725
867387816
867694075
868476594
869606422
869923380
870073671
870792405
871007373
873191795
873198076
873343007
873865230
873963965
874583702
874866350
875449893
875686962
876123935
876534502
877392561
878128258
878879889
879959099
880392571
880689636
882114630
882170271
882401722
883475269
884088228
886403862
887285526
887288402
887726907
888469244
889088103
889457475
889468437
889670237
891387592
891796612
891911588
892273464
892922454
893777224
894159053
895004504
896104632
896195797
896356886
896704165
897769105
898478827
898629223
898713839
899792472
900400571
901049831
901082860
902343022
902895076
902920314
903625758
903955181
904038716
904233335
904300725
906457987
906952000
907135132
908201397
908764924
909215808
910167786
910774480
912822586
912842810
912964821
913395477
913859957
914762034
915562289
916945015
918434141
918604553
918834116
918909772
918922554
919322652
920717693
921078099
921211559
922483181
923310908
923448089
925091770
925236969
925364323
925538646
925985969
927844958
928069906
929406854
929500843
929694845
929986402
929998528
930695129
931489380
931768987
933923716
934394381
935100150
935758457
936188356
936215653
936560945
936851712
937078174
937327949
938586113
938662147
939195876
939460612
940453551
940479286
940659014
940757399
940870464
941953002
942360173
943215826
943854878
945047976
945241095
945534232
945673629
945681380
945769533
945913010
946068691
946249857
946730071
947041406
947548323
947862358
949207361
949804501
950246434
950783301
951081781
951900594
952643924
952767376
952870000
952978668
953143166
953287434
954609284
954620256
954921492
955095251
955894882
956586810
956669511
956973423
957605007
957629790
957950858
959077949
960495236
960589489
962487079
963087259
964041977
964249169
964415757
964566763
964856255
964917920
966084008
966255049
966413872
966585302
966935675
967346183
967753851
968596989
968868086
969580999
970896978
971100237
971544185
971549914
972088122
972398678
973095735
976140929
976540571
977765863
978022472
978162416
980112260
980932816
981383732
981882900
981903497
982906079
984353889
984741524
984920899
984988179
985302250
986265960
986571141
986996427
988095463
988720137
989341513
989478825
989640092
990036715
990275330
990886497
991200935
991226863
991528631
991621476
993369829
993605515
993766788
993802900
993865105
994635685
994661800
996148342
996783074
998556339
998940611
999002471
999088754
999879408
1001252825
1002287183
1002899383
1003009786
1004351691
1004619594
1006610899
1007370338
1008257525
1008931913
1009275863
1010038924
1010734319
1010779386
1010919630
1012015683
1012257601
1012407019
1012569866
1012729869
1013393699
1013488332
1016274548
1017781023
1018259753
1018447066
1018679865
1018996968
1019131981
1019308705
1020618796
1021987935
1025083759
1025727280
1027074078
1028172728
1028720967
1029692400
1030769927
1031923101
1032635957
1033778833
1034185042
1034261423
1034274543
1034596984
1034868398
1034889086
1035234004
1035584474
1036339665
1036472715
1037580513
1037815484
1039851352
1039987662
1041816742
1041923640
1042222911
1042403312
1042809252
1043461875
1043746763
1044158541
1044265497
1044332411
1045375460
1045423248
1045865131
1046163545
1046228626
1046342574
1046811715
1047562016
1048500688
1048536573
1049998395
1051010743
1051131299
1051173242
1051442491
1052037466
1052508892
1052661169
1053894446
1056089201
1056395751
1056395930
1056676790
1056734801
1057163786
1057868914
1058605208
1058667097
1061284069
1061728681
1061732522
1061739887
1062641181
1063209630
1063269036
1063920842
1064691547
1064799677
1065367802
1065458435
1065578992
1066263648
1066790754
1067323270
1067901191
1069416621
1069531478
1069713712
1070342670
1071164172
1071303515
1071768836
1072201388
1072224873
1072457986
1073017092
1073282393
1074195784
1074235678
1074578647
1074746498
1075774410
1075866005
1076204315
1076389206
1077292631
1077492352
1077725368
1077770886
1078829077
1078876163
1079278917
1079417080
1079674064
1080761729
1080930581
1081902555
1082664202
1082852860
1084613679
1085432982
1085941081
1086706476
1087104866
1089626019
1089674655
1090637691
1093303098
1093327993
1093403399
1093738259
1094718096
1095002370
1095230597
1095330850
1095393505
1095597053
1095631822
1095890127
1096182558
1096241153
1097118620
1097265928
1098582639
1098675458
1099162588
1099252131
1099382484
1099462781
1099827338
1100101209
1100125575
1100207243
1101314490
1101823687
1102704438
1102804487
1103441758
1103732488
1104061412
1104302807
1104345772
1104842016
1105752126
1108763725
1109066200
1109413398
1109720952
1109739107
1109856763
1109864168
1110012441
1110603899
1111611028
1112765661
1112833750
1113365535
1114367226
1115008313
1115073972
1115106141
1115236533
1116470661
1116627687
1117019578
1117101737
1117449096
1118846014
1119102938
1119523996
1120522132
1120539905
1120851961
1121147869
1121510920
1121801411
1124093458
1124269589
1126090000
1126580675
1126633775
1126994334
1127688462
1129431822
1129702006
1130939282
1130967759
1131313940
1131427151
1131464142
1132062062
1132230118
1133185053
1133204302
1133584916
1133839225
1133945564
1134411453
1135568851
1135997450
1136205541
1136526848
1136643258
1136922123
1137657380
1137726286
1138837142
1140149040
1140708957
1140779262
1140793346
1142093280
1142355957
1142544272
1144420408
1145498388
1145500913
1145879459
1146117150
1146500697
1146587373
1146929607
1147104342
1147335997
1147418935
1147571081
1147647079
1148111687
1149801439
1150435609
1150663459
1150682409
1151023229
1151054602
1151296118
1151388649
1151731322
1152650574
1152885379
1154744325
1155534746
1155689437
1155956834
1156346089
1156867100
1156976084
1157349224
1157396977
1157411998
1159232288
1159721168
1161589177
1163406031
1163503033
1163681775
1163714534
1165333213
1165936839
1166338828
1166448603
1166603167
1166719980
1167651583
1167959771
1167984004
1169558241
1169733362
1172165413
1173030634
1173445370
1173803149
1174808435
1175566202
1175630916
1175945626
1176262462
1177405135
1177838071
1178496905
1179026328
1179517100
1179574835
1179722831
1180848601
1180987616
1183123352
1183425080
1183709478
1183770381
1185026282
1185316462
1185722607
1186120115
1186664934
1186762866
1186874030
1189102657
1189161757
1190941976
1191668774
1192469038
1194532471
1196621297
1197216976
1197342352
1197949710
1199191834
1199206350
1199738406
1200146102
1200980337
1201163977
1201293744
1201527714
1201998855
1202266999
1203978991
1204199915
1204991860
1206001591
1206388184
1206748685
1207435973
1207607564
1208132350
1209319472
1209446042
1209569763
1209626729
1209627901
1210344164
1210356588
1211505517
1211807805
1212510085
1213004421
1213531066
1213759364
1214033424
1214043166
1214740732
1214958234
1216093549
1216803632
1218866188
1218898177
1220137171
1220749960
1221683733
1222487531
1222654003
1224393439
1224708593
1225129089
1225137863
1225812333
1226133027
1227000348
1227103413
1227218536
1228925220
1230074225
1230754990
1230922270
1231363583
1231924556
1232590404
1233417644
1233621445
1233665915
1233975285
1234261846
1234494685
1234590003
1235179701
1235200892
1235710061
1236438619
1236815391
1238009140
1238396892
1238630319
1239017278
1239164816
1240071213
1240657960
1241086650
1241207560
1241634586
1241932761
1242490675
1242538673
1242596113
1242620051
1242718562
1242830171
1243249516
1243258564
1243265224
1243418228
1244746489
1245559716
1246109444
1246471799
1247208152
1249038927
1249435837
1249673122
1250279107
1250668623
1250821211
1251071927
1254806021
1255446410
1256545807
1257446495
1257527985
1257807847
1259213903
1259341800
1259541777
1260408175
1261626276
1262314715
1262430763
1262611613
1262806581
1263157430
1264337160
1265536126
1266196464
1267033076
1268172031
1268916874
1269056371
1269158776
1269296141
1270524242
1272347509
1275146617
1275840062
1276019371
1276154751
1276480194
1277482065
1278118380
1278138807
1278552800
1279305798
1279572910
1280313926
1280606763
1282460303
1282611361
1282664742
1283123519
1283643422
1283808266
1284646721
1285368315
1285620866
1286240976
1287605839
1288020069
1288463609
1289806088
1291497542
1291525063
1293663537
1294524064
1294963443
1295067537
1295276501
1295569959
1296131952
1296262657
1296394559
1297209465
1298241874
1298654512
1298755234
1299784059
1299840931
1300222347
1300293797
1300891674
1301009423
1301348894
1301492680
1302216460
1303723081
1303900046
1305130660
1305136389
1305429854
1306307807
1308668595
1309874564
1310186789
1310500956
1310710480
1312188201
1312381091
1313347053
1314397409
1314452042
1314699893
1314751861
1315125774
1315126281
1315346444
1316235325
1316953746
1317377419
1317884262
1318007653
1318171996
1318825932
1318855371
1319215101
1319288712
1319854177
1320355251
1320382333
1320592130
1320649824
1321038341
1321796791
1323164417
1323507789
1323978175
1324155202
1324905611
1325334966
1326350786
1326672614
1327415766
1327445936
1327531797
1328766106
1329408867
1329702870
1331272008
1331806530
1332093383
1332128591
1332223511
1332580350
1332678671
1332808111
1332825648
1333169348
1333943057
1334355765
1334363341
1334658602
1335145142
1336797148
1337764423
1338387812
1338516145
1339429136
1340063209
1340287589
1341267808
1343630387
1344865315
1345360453
1345671006
1347571715
1348839722
1349914100
1350360254
1350938391
1352344966
1353230605
1353322998
1353622798
1353707570
1354848102
1354886776
1355298079
1355954425
1356632079
1356817695
1357737060
1359569724
1359721126
1359761888
1360965125
1361005328
1361100642
1361657932
1363128751
1363990070
1364044691
1364538123
1365824834
1366114160
1367079707
1367837825
1368132496
1369873720
1369944520
1370860668
1371447595
1371984952
1372002980
1372090844
1373408522
1373560142
1374605986
1375962235
1376298659
1376987541
1379997891
1380086016
1381044212
1381232849
1381306469
1382068518
1382230285
1382401247
1382939756
1383241015
1384054042
1384943995
1385156954
1385310388
1386115456
1386390794
1386663115
1386703025
1387908108
1387928114
1388751936
1388978236
1389645414
1390037201
1390047093
1391384379
1391567871
1392980066
1393143295
1393290359
1394811245
1395018569
1396019548
1396111758
1396845406
1396877881
1397234579
1398760782
1401467542
1401488598
1402567718
1402724036
1402843457
1403257346
1403575396
1403716151
1404003784
1404042671
1404287864
1404291746
1406243922
1406660269
1407211598
1407792772
1408223202
1408264490
1408769605
1409420538
1409658088
1410093743
1410155308
1410670558
1410721450
1410980344
1411417457
1412552719
1412719744
1412965480
1413772466
1415053909
1415435603
1415755979
1415958199
1416124016
1417266052
1417922764
1418078350
1419450367
1419546223
1419863195
1420080436
1420311512
1420605144
1420820027
1421545267
1421684876
1422664466
1422912813
1423360731
1424374210
1424634076
1425294551
1425533696
1426125985
1426501540
1426727445
1426878244
1427248691
1427971296
1429180243
1430241263
1431018861
1431695173
1431779937
1431897234
1432413796
1432427873
1433712227
1433785871
1433795773
1434264418
1436136109
1436344924
1436598893
1440691289
1440740908
1441345360
1441616906
1443099326
1443445386
1444115020
1445117309
1445425466
1446107979
1447189264
1447300566
1448050932
1448537658
1449567216
1450003330
1450392574
1450948309
1451859392
1451996292
1453059738
1453325541
1453766499
1454070810
1454235070
1454311671
1455775193
1455937241
1455972501
1456451812
1456478324
1456579963
1457719525
1458480372
1458570082
1459445920
1460207866
1460717098
1461039117
1461048278
1461450152
1461925992
1461974541
1462165050
1463685143
1463750274
1464555332
1466756896
1467008887
1467081788
1467136848
1467573109
1468488816
1468818177
1468845754
1468963773
1469209443
1470111088
1470624197
1470643525
1471570027
1471651812
1472021259
1472370014
1472981954
1473956267
1474155004
1474196759
1474353259
1475133572
1475544411
1476183469
1477188093
1481038875
1481436076
1482612069
1482674817
1482831180
1482849215
1483319857
1484398440
1484409726
1484460642
1485481184
1485764575
1486388455
1486765817
1486801238
1487071158
1487238892
1488549675
1489936511
1491553829
1491640545
1492304283
1493263044
1493270333
1494184075
1494197018
1494942994
1495548190
1497020910
1497713164
1497946681
1499310348
1501310452
1502595145
1502978258
1503016426
1503161186
1503175395
1503443389
1503886657
1503948511
1505147595
1505448556
1506031743
1506297635
1507801540
1508415326
1509327292
1509682994
1509880756
1509929507
1510958323
1511221177
1511458709
1512118128
1512733652
1512986094
1513474028
1513567928
1513985874
1514505900
1514734333
1515358765
1515463855
1515503522
1516362898
1516466492
1516596135
1516705059
1516933142
1517045937
1517241916
1518162038
1518829690
1519241081
1520548407
1520679934
1520729930
1521162596
1521464809
1521657953
1522325370
1522418189
1523193077
1523461291
1523488810
1525039203
1527149837
1528024973
1528382060
1528928146
1530006206
1530061617
1531723659
1531748693
1531881179
1532131307
1532973015
1533589599
1534137902
1534248652
1534368838
1534453499
1534788218
1534927806
1535083077
1535909827
1536172550
1536911065
1537032373
1537283140
1538976569
1539657909
1539675392
1539894639
1540316877
1540725909
1541523537
1541793517
1541930469
1541976597
1543185585
1543345511
1543426870
1544352047
1544651600
1545095345
1545903521
1546512927
1547293890
1547454880
1547524951
1548140458
1548758155
1549121739
1549533834
1549759136
1550157021
1550455113
1551307206
1552421671
1553243427
1553417158
1553834491
1554686817
1555739367
1556384750
1556730985
1556922589
1559003597
1559642682
1560081757
1560448979
1561234178
1561552512
1561804223
1562150332
1563305073
1565406041
1565449707
1566212047
1566263853
1566758119
1567547936
1568688274
1568696549
1569184457
1570215323
1570422393
1570945314
1572431929
1576456461
1576543950
1577569126
1578899030
1579147800
1579176342
1579356265
1580612252
1580837153
1581779195
1581906353
1582145375
1582329177
1582383959
1582643308
1582725335
1583001204
1584542265
1585464859
1586040214
1587231101
1588181428
1588369237
1589375702
1590980592
1591142086
1591152194
1591364453
1592215284
1592290631
1592624504
1592745295
1592841405
1593230244
1593261105
1593428649
1593509192
1593612761
1596379251
1596457386
1596511938
1596843621
1597211470
1597226444
1598247412
1598342960
1599550050
1599575957
1599989307
1600132619
1600324652
1600377035
1600525864
1600629959
1601386715
1602033768
1602500146
1602960200
1603684197
1604202286
1604432173
1605028489
1605837426
1605843101
1605969953
1606592334
1606658500
1609035568
1609311853
1609447655
1609949529
1610302601
1610464419
1610581793
1610720634
1611569739
1612928275
1613967432
1614722936
1614732687
1614815050
1615049370
1615910562
1616792935
1616997228
1617436630
1617521545
1618585142
1620032187
1620433725
1620496692
1620500534
1621279534
1621315157
1623744783
1624477451
1625460565
1626047671
1626289388
1626769562
1626776661
1626965841
1628521848
1628731738
1629497503
1629666850
1629722736
1629923836
1629931476
1630284998
1630901810
1631054005
1631375901
1631619688
1631886183
1632123251
1633014382
1633169067
1633525967
1633578105
1633688061
1634845886
1636046645
1636132804
1636741015
1637932535
1638736341
1639240898
1639293108
1639798086
1640176466
1641053829
1641719461
1642411381
1642453970
1642654650
1642667852
1643057757
1643282086
1643339616
1643373522
1643520190
1643611942
1643718385
1644251409
1644528078
1645882609
1646558305
1648928466
1649256941
1649488207
1649605453
1650640737
1650672538
1651539140
1651542310
1653366277
1654279397
1654374712
1655852840
1656147933
1656842540
1657467418
1657469026
1657908592
1658293685
1658747179
1658839836
1659016934
1659640430
1659816462
1660247982
1660319019
1661232275
1661359023
1661405860
1661449811
1662641324
1663033616
1663079785
1663083735
1663184127
1663326323
1665061647
1666619106
1667234580
1667763784
1668272971
1669490287
1670103353
1671025937
1671620612
1672239090
1672885606
1673028533
1673145554
1674722332
1675263704
1676147073
1677450699
1677856767
1678358442
1678524599
1678792299
1678928837
1680263576
1680775213
1680956863
1681328973
1681876942
1682032654
1683458265
1684081787
1684856681
1689029103
1691113580
1691388530
1691698462
1691969784
1692021249
1692103348
1692107303
1692179913
1693624612
1693729516
1694841249
1694867925
1694958105
1695377872
1695645167
1696237740
1697531168
1697570398
1698075613
1698596961
1699987936
1700512655
1701613667
1701969207
1702313762
1702327507
1703264171
1703812646
1704225827
1704662832
1704871321
1705268934
1705682282
1706882355
1707529971
1708001430
1708294891
1708954042
1709296985
1709298610
1709445735
1709521790
1710488427
1710962733
1712027370
1712450382
1712465369
1714181433
1715698987
1715749861
1716371617
1716692387
1716732518
1717201358
1720635661
1720690444
1720696766
1721001880
1721131878
1721288275
1722168181
1722939157
1723474139
1723876505
1724121309
1724141893
1725234944
1725757677
1725883833
1726059500
1727076301
1730131036
1730770009
1731824543
1731881784
1732038682
1732313465
1732702421
1733246523
1733369245
1733894712
1734391148
1734728228
1735857633
1737166813
1737234392
1737609624
1737741537
1738033232
1738100983
1738622737
1739197378
1739261291
1739495424
1739778567
1741508977
1741592818
1741902609
1742435431
1742445698
1742868269
1742945522
1743428045
1744310288
1744389763
1744596850
1744787529
1745015714
1745043728
1745310786
1745885204
1746623015
1746759981
1747031950
1747115206
1747184797
1749407063
1750053241
1751125471
1752077330
1752240371
1752755589
1755223915
1755395676
1755542853
1755746365
1755807283
1756537336
1756660133
1756745656
1756871221
1757193292
1757370347
1757577963
1758094414
1760037033
1760830517
1760837820
1761318619
1761405835
1761709931
1761760375
1761999739
1763568376
1763578402
1764343631
1764349646
1765189259
1765788825
1766168311
1766184500
1766461489
1767342639
1767756573
1768128090
1770467042
1770763982
1770997857
1771295298
1771324293
1771698532
1772112044
1772577417
1773258240
1773442668
1774177448
1774455826
1775824911
1776042623
1778233087
1779541571
1779941072
1780142837
1780867040
1781486455
1781610038
1781665319
1782404642
1782777685
1786385483
1786910002
1787429254
1787926251
1788373811
1790122307
1790903431
1792035747
1792858436
1794224461
1794471139
1795045289
1796197902
1796438538
1796917999
1798007176
1798436775
1798691664
1799250890
1800209394
1801877883
1801930328
1803496063
1804354715
1805723042
1805789144
1806645742
1808160349
1808531207
1808649061
1808676688
1808933728
1810079241
1810374814
1810476038
1810600198
1812046561
1813052976
1813498267
1813829597
1814734822
1816841936
1817652335
1819044461
1819226012
1819816433
1820941318
1821500636
1821920810
1822461424
1822880459
1823200836
1826009995
1826387295
1828856708
1828918271
1829477426
1829487126
1829619212
1831833700
1831928860
1832890419
1833628899
1833895123
1834978668
1836559291
1836761241
1836783209
1837042809
1837249200
1838427652
1838461432
1838646314
1838664970
1841231032
1842271623
1844457520
1844497246
1845163708
1845220952
1845471989
1845726106
1845888151
1846005713
1846147417
1846233685
1846678884
1846749328
1846962041
1847071331
1847534216
1847612673
1847940165
1848137439
1851071492
1853404278
1853450939
1853461852
1853926637
1853943835
1854623656
1855103875
1855144226
1855356571
1856054884
1857061072
1858074418
1858816286
1858998812
1859149416
1859660348
1859662686
1860179989
1860633554
1862676034
1862687225
1863051779
1863096627
1863286427
1865085973
1865415655
1865737705
1865958186
1865964850
1866099389
1866489453
1866582742
1867128202
1867357953
1867552317
1867763132
1867813358
1868674371
1868874390
1868891763
1870050710
1870248697
1870435875
1871970371
1872855154
1873353048
1873495407
1874392752
1874616930
1874703834
1875030816
1875463585
1875598516
1875742737
1875983180
1876587367
1877040725
1877890224
1877996282
1878036716
1878162927
1878226334
1878482061
1879833742
1880388562
1880447870
1880498061
1881491407
1881614360
1881805256
1882986892
1883577109
1883738069
1885178455
1886353080
1886662064
1886720591
1886822232
1887210951
1887339309
1887350637
1887875966
1888035223
1888226599
1888739324
1888843526
1889335196
1889534158
1890219306
1891462733
1891525491
1892023492
1892780131
1892832750
1893695536
1894730621
1896004010
1896658217
1896979333
1897517496
1897658441
1898537893
1900236813
1900561902
1900605805
1900817958
1900956757
1901094485
1901293959
1903192119
1903718492
1904482172
1904748090
1904827131
1904961596
1905297737
1905373579
1905882837
1906314346
1906448856
1906489487
1906499402
1906605416
1907405566
1907457516
1909288820
1909637579
1910338531
1913448708
1914361908
1915659328
1919442137
1921370169
1923056406
1923831818
1924428424
1924604898
1925216849
1926296711
1926677131
1927577998
1927841458
1928068267
1928140948
1929005551
1929238019
1930249657
1930383783
1931395642
1931594488
1932659981
1932661543
1933017611
1935232948
1935333713
1935409045
1935412608
1935457813
1936055979
1937189219
1937327127
1937392780
1937850113
1937885048
1938095265
1938833247
1939030820
1939131061
1939331681
1939670014
1940895000
1941205733
1941846002
1941858405
1942848930
1942930605
1942954277
1943023807
1943143827
1943806977
1943886181
1943997993
1944264769
1944304353
1946989910
1948579040
1950699438
1951614982
1951648972
1952231167
1952590383
1952603152
1952924617
1953364111
1953736607
1953804960
1954344796
1956876962
1957804846
1958248894
1958865869
1959374970
1959409214
1959921179
1960078831
1960137113
1960803082
1960946303
1961264460
1962124069
1962457356
1963405593
1964043522
1964048467
1964236481
1964865993
1964956632
1965128776
1965667547
1965735249
1966027290
1966465401
1966741695
1966874820
1966945080
1967549013
1967744969
1968515027
1969286158
1969744139
1969853035
1970505980
1970791974
1971307690
1971309209
1971905170
1972555228
1973150723
1974061743
1974273136
1975019464
1975540667
1978431399
1978446176
1979939136
1980453308
1981917415
1982746215
1982830540
1983067300
1983312820
1985020670
1985812661
1985839048
1985917493
1987113198
1988244933
1988295087
1989671604
1989833877
1989956452
1991445298
1991555467
1992612310
1992706612
1993107332
1993139901
1993239800
1993774807
1993823473
1993896011
1994137472
1994817078
1995018554
1995368132
1995830978
1996132261
1996432793
1997368742
1998403429
1998446452
1998749477
1999324328
1999765599
1999889655
1999928345
1999969699
2000078012
2001360435
2002076310
2002297242
2002381654
2003325915
2003541729
2004221628
2004976231
2005892603
2006841835
2007153219
2007289019
2007966971
2008069241
2008273845
2008329107
2008585642
2009061319
2009651137
2010003966
2010607613
2010903612
2012055186
2012825103
2012902376
2015606024
2016096309
2016796439
2018153852
2019761165
2019908118
2020026949
2020142643
2020796853
2021131029
2021310363
2021407036
2022336409
2022519542
2023584700
2025198146
2025615572
2025992288
2026929049
2027043351
2028237303
2028394815
2028455401
2028537285
2029326849
2029402563
2029594395
2030001967
2030002887
2030477887
2031652636
2031750648
2032664333
2033230108
2033951020
2034386109
2034945380
2036264577
2037167251
2037211702
2037349348
2037423569
2037572943
2040642636
2040693866
2040903708
2041052694
2041334364
2042101450
2042124203
2042346132
2043153014
2043666083
2043926232
2044398793
2045127550
2045700280
2046612751
2046763554
2046856379
2047168316
2047362972
2047663558
2048262355
2048425852
2048806718
2048922736
2049193828
2049592163
2049646495
2050306956
2050345049
2050349290
2050843228
2050920248
2051551736
2051615868
2051869324
2052037532
2052231915
2052239552
2052290570
2052363367
2053005364
2053416602
2054447909
2054760392
2055309684
2055499847
2056123396
2056537418
2057185219
2057436558
2057643146
2058866373
2059008106
2060450568
2062158235
2062996127
2063426519
2064611533
2065204710
2065290343
2066137168
2066395568
2066404145
2066649560
2066664755
2067297196
2067667781
2067760428
2068480630
2069471235
2070157073
2070160463
2071058726
2071095433
2071845978
2072390060
2072859489
2072869009
2073601748
2073615301
2073731386
2074221719
2074791925
2075029158
2075732347
2077697660
2078704873
2079135170
2079783633
2080478418
2080792708
2081333995
2081573057
2081919160
2081985767
2082476114
2082637324
2082882367
2082977307
2084071376
2084282700
2084458475
2086123790
2086892597
2087998126
2088299227
2089386648
2089826671
2090048244
2091170582
2091727644
2091937110
2093042058
2093973311
2094564543
2096669023
2100105809
2100421428
2101264060
2101289795
2102274209
2102722127
2103115111
2103641541
2103846202
2103945635
2104050225
2104131623
2104971710
2105194126
2105325214
2105675590
2105772854
2106347083
2106552892
2106638451
2106710443
2107005444
2108058317
2108457147
2109201775
2109648040
2110678127
2110902102
2114076900
2114088286
2114415357
2115083049
2115551234
2115777775
2115996327
2116750201
2117916835
2118916912
2120270297
2121438718
2121517336
2121851553
2122650791
2122870318
2123455836
2123587447
2124205314
2124759394
2125579262
2125802257
2127418867
2128444536
2128873682
2129485518
2129800852
2130375910
2130696102
2130848219
2131161939
2131568381
2132804404
2133033283
2133441590
2133824856
2135097018
2135181779
2135239813
2136226547
2136840049
2136950116
2137214514
2137256248
2137555181
2138514901
2138634744
2140116302
2140655585
2142371774
2142450458
2142750899
2143877123
2144401243
2144672031
2145341304
2145670593
2146260027
2146636325
2146688150
2147431914
2147733459
2148391594
2148520438
2148559953
2148753073
2148769168
2148909658
2149287108
2149446320
2149522487
2149962166
2150038511
2151031241
2152647360
2153145126
2153658240
2154871292
2154952912
2155061204
2156406533
2156609066
2157785476
2158449531
2158464243
2159101597
2159496595
2161711724
2162714227
2163212246
2163349386
2163878151
2163999546
2164098262
2164646905
2164663353
2165094115
2166177335
2166300185
2166353430
2166526542
2167142191
2167148266
2167296135
2167961193
2168080430
2169192332
2170432205
2171077350
2171486924
2171718909
2173557546
2173622806
2173880922
2174188616
2174887832
2175567112
2175649124
2175770523
2176009951
2176173889
2177646269
2178335884
2179148237
2180743989
2181058489
2181740079
2182514516
2182816608
2184176477
2184261096
2184409382
2184486049
2184716270
2185278945
2185463775
2186267258
2186522827
2186549422
2186630895
2187079786
2187190413
2187259581
2187750612
2187907869
2188224450
2188798478
2189042995
2189589905
2189692060
2190424139
2190505619
2191241630
2191796297
2192501072
2192623490
2192849086
2193676689
2193894755
2195061428
2195124653
2196346632
2196513633
2196554271
2197228121
2197541651
2198257439
2198639884
2198724415
2198877659
2199151526
2199874574
2199929807
2200138947
2200770918
2201744969
2202681446
2202960216
2202997148
2203278247
2203399269
2203778770
2203844514
2203985082
2204257194
2204280359
2204391289
2205692011
2206046971
2206386716
2206405598
2207741849
2208023935
2208700290
2209101225
2209228373
2209278749
2209293937
2210693184
2210829551
2212327248
2212330074
2212587947
2212752123
2213050388
2213440593
2214089020
2214211409
2214527989
2215039942
2216090382
2216609336
2216635761
2216734031
2217240402
2218060382
2219194831
2219204671
2219485225
2219595369
2220985189
2221532994
2222536328
2222831569
2223055041
2223416209
2223679737
2224007500
2224418800
2224679963
2224777231
2225270819
2225601908
2226753450
2227311330
2227848068
2228426136
2228516646
2229077077
2229393297
2230357879
2230890192
2232491358
2232907094
2233478521
2234682411
2235416694
2235567304
2236268461
2236803491
2237705501
2237960708
2238812974
2239739771
2240713633
2241059487
2241466582
2241798366
2241947973
2242311806
2242356306
2242923357
2243765532
2244100952
2244822942
2246453820
2249117084
2249597118
2249616162
2250465631
2251153854
2251613564
2253290245
2254217017
2254794716
2255141131
2255624290
2255990422
2255995712
2256823721
2257916084
2258441390
2258464195
2258776373
2258857203
2259381245
2259403276
2260388858
2260572732
2260840367
2261290933
2262058418
2262196331
2262758697
2263018044
2263086891
2263105081
2263369903
2263382000
2263506164
2266018767
2266381687
2266698257
2266981576
2267273444
2267279968
2268837929
2269073405
2269285839
2269372119
2269792512
2271119207
2271305144
2271498592
2272213779
2272713503
2273095970
2273364855
2273435709
2273563036
2274150764
2275380120
2276926706
2277957785
2278997550
2279839858
2280560423
2281621569
2281643831
2282029580
2282288122
2282420905
2283726638
2283863229
2283912582
2283960578
2285162200
2285211440
2287001083
2288089091
2289770463
2289918266
2290215308
2291450507
2291472095
2291776662
2292256756
2292299989
2293512495
2293856453
2293947460
2294564746
2296564996
2296697039
2296954527
2297720443
2299407734
2300041695
2301102759
2301362581
2301390304
2302951891
2303753119
2303879104
2305162334
2305425499
2306276980
2306521722
2307084874
2308262823
2308422340
2308942261
2309363062
2309425608
2309644341
2309708071
2310813542
2311203613
2311326987
2311387990
2311844197
2311897872
2313303946
2313594430
2314873801
2315356350
2315503842
2315862933
2316113748
2317031683
2318066679
2318269405
2318532314
2318595099
2318766954
2319711348
2321404736
2322547842
2323376223
2324402829
2324405725
2325286032
2325636665
2327441447
2327709618
2328259473
2328314257
2328622121
2329587728
2330198588
2330307433
2330373571
2332093512
2332204972
2332442922
2332585617
2333296558
2333662769
2333758815
2333901675
2334022292
2334063861
2334190503
2334318652
2334513313
2334862006
2335512494
2336348953
2336472894
2336570419
2337379509
2337389265
2339094301
2339235644
2339525004
2339530111
2339650198
2339715268
2340584036
2340741876
2342122751
2342990852
2343450934
2344027841
2344465306
2344550729
2345601576
2346824019
2347317296
2347576702
2348213368
2348345922
2348912052
2349372842
2349667368
2349880508
2350152526
2350163913
2350326800
2351062942
2351268496
2351581251
2352354464
2352427274
2353495606
2353764703
2354138792
2354223808
2354931971
2356173497
2357419374
2357998179
2359642367
2360580708
2361763961
2361879693
2362737124
2363251494
2363633193
2363998327
2364548754
2365182474
2365421518
2366573001
2366851258
2369507066
2370106708
2370426364
2370825353
2370992621
2372015687
2372240833
2372343457
2372396154
2373561005
2373639729
2374545466
2375427991
2375690598
2375732828
2376016728
2376161898
2376719589
2376781709
2376827241
2377756480
2378429379
2378552868
2379001597
2380367913
2380374798
2381212662
2381453981
2381765143
2382670471
2382688983
2382834155
2383236277
2383673055
2383789534
2383969780
2384130243
2384810715
2384884907
2384918471
2386980031
2387972218
2388583354
2388778250
2389728890
2389919298
2390685227
2390978852
2392248174
2393543085
2393795206
2394537262
2394538528
2394647210
2394708923
2395324533
2396883720
2397086325
2397582309
2398430006
2398479668
2398793794
2398954534
2399144378
2399727089
2400603445
2401367718
2402268188
2402737250
2403862086
2403934112
2404295730
2404382257
2404444349
2404620142
2404695815
2404708080
2405579561
2406354733
2406660035
2407109944
2407188628
2407414654
2407717985
2408359219
2408507577
2408961432
2409730055
2410565783
2411406451
2411450869
2411799343
2412857404
2413185780
2413260967
2413441043
2413786929
2414178590
2414243829
2414449314
2414929432
2415316206
2415778570
2416350094
2417054673
2417508271
2417549424
2418058628
2418139556
2418707328
2418718437
2419314388
2419753795
2422890034
2422986974
2423071299
2423289387
2423431398
2423498255
2423950840
2424691910
2425473966
2425679609
2427291314
2427600738
2428358400
2428833267
2428865625
2429008141
2429691954
2430073121
2430387111
2431045265
2431377685
2432812164
2434383488
2434559756
2435875401
2436315376
2436336604
2436337863
2436766437
2437303506
2437797143
2438915882
2439459971
2440442401
2440502997
2442166232
2442607332
2443485262
2443569614
2444093888
2444218884
2445085689
2445142115
2445588632
2445627923
2445674127
2446070833
2446336129
2446609509
2446851566
2448317846
2448652508
2449030557
2451221993
2452950798
2453456352
2453493809
2453606764
2453606973
2455625810
2457447508
2457731579
2457883772
2458077567
2458321801
2458677711
2458935763
2460074831
2460587526
2460689512
2460763692
2461481790
2463210175
2463641097
2463650964
2463742346
2463971631
2464103842
2465994617
2466321043
2466575191
2467365670
2467388720
2467890931
2467946957
2468118679
2468526209
2470602258
2471762694
2474396311
2474439942
2474826480
2474862744
2476889020
2478640661
2478974988
2479156159
2479994647
2480290164
2480506559
2481015015
2481163523
2481472011
2482484097
2482487001
2482499517
2482572052
2482837895
2483314690
2484291008
2484792471
2484914161
2485192593
2486802547
2487526866
2489118492
2490615145
2491385397
2491844400
2491847091
2491914736
2491920464
2492359306
2492960500
2493023514
2493591406
2493662294
2494654207
2496600283
2496920493
2497007295
2497083255
2497110370
2498800532
2499858348
2501362826
2501460182
2501609379
2501629825
2503245670
2503441975
2503538906
2503875827
2504127512
2505486880
2506911382
2507007774
2507142819
2507783760
2508374118
2508623916
2509103643
2509560371
2510831405
2511616147
2512566348
2513772839
2515364248
2515878808
2516621943
2516966531
2517067607
2517181655
2517932531
2518270325
2518767988
2519907244
2519996394
2520943592
2522066306
2522875952
2523414365
2525580980
2525675724
2525822623
2526841974
2526986433
2527080504
2528022470
2528747286
2529019793
2530210794
2530213937
2531329470
2531353418
2531781249
2531883873
2532032777
2532750933
2532998533
2533179807
2533310030
2533821024
2534783162
2535395026
2535463733
2535947509
2536146465
2537546809
2538079317
2538442503
2538442789
2538886185
2539030747
2540105408
2540677438
2541267475
2541748148
2541946951
2542629664
2543867787
2544244676
2544772695
2544917564
2545443758
2546044707
2546396755
2546955335
2547098938
2547196820
2547445339
2548746493
2549362679
2549693170
2550008353
2550362404
2550568053
2551837889
2551966481
2552021309
2552039919
2554140140
2554824413
2556029962
2556365393
2556736639
2556755382
2556927845
2557542741
2557561176
2557568170
2557816752
2558050431
2558157919
2558866938
2558943406
2559001852
2559130843
2560283273
2560283904
2560491965
2561879875
2561894508
2563453539
2563972334
2565044610
2565726048
2566988308
2567591453
2569110518
2569789141
2570170124
2572040374
2572303946
2572331029
2572689812
2572695597
2572884574
2573496813
2574520837
2575111117
2575182315
2575537646
2575893879
2576508360
2577046554
2577413696
2577741403
2577817645
2578186114
2579047912
2580999353
2581174223
2581313364
2581476562
2581585908
2582039741
2583994335
2584077119
2584089459
2584619220
2584888172
2585730963
2585876733
2586316691
2586433704
2587188439
2588195585
2588327111
2588479438
2589419484
2589915191
2590142490
2590214099
2590841503
2590875776
2590978869
2590998995
2591948282
2592051732
2592110018
2592177816
2592254873
2592601960
2593728632
2594442587
2595198467
2596463408
2597445326
2599744513
2600064859
2600194846
2600330747
2600745958
2601456124
2601877449
2602284136
2602341354
2603790736
2604039568
2605034281
2605402535
2606933955
2607043444
2607340340
2607541737
2607762158
2608849502
2609036955
2609570130
2610463554
2611026588
2611056486
2612212269
2612332075
2613051185
2613139557
2613609220
2614240620
2614585013
2617172431
2617235979
2617648106
2618880606
2619852915
2621079532
2622321705
2623107759
2623810641
2623967208
2624167910
2624592433
2624874537
2624925276
2625051343
2625662880
2625949153
2626559258
2626781804
2627242808
2627899674
2629186052
2629497277
2629865524
2630335399
2630940095
2631321896
2631361023
2631680946
2632576490
2632731998
2634125410
2635262551
2635501955
2635645273
2635964044
2636060240
2636232112
2636438029
2636555217
2637743377
2639133675
2639673607
2640237386
2640642035
2643851868
2644718224
2645050628
2645327260
2645578110
2645717286
2645825410
2645944381
2646142042
2646960599
2647568622
2647580585
2647866444
2649213318
2649321820
2649499745
2650248106
2650317417
2650354622
2650964673
2650981135
2651061480
2651209654
2652172422
2653378083
2654508930
2655360855
2655833999
2655991121
2658091315
2658216190
2659463681
2659588413
2659680362
2660110951
2660701793
2661247137
2662600738
2662804984
2663188979
2663717700
2663778702
2663962262
2664315482
2666151376
2666724267
2666991479
2667427386
2667897717
2669015056
2669995144
2670723400
2671182155
2671971096
2672405972
2672908634
2672928492
2673071143
2673497584
2674903391
2675744185
2676363941
2677419315
2677596371
2677773279
2677882583
2678691247
2679051594
2679232567
2679316301
2679980107
2680581101
2680876800
2682588159
2683022999
2683944362
2684038649
2684214933
2684956870
2685264381
2685443605
2685585425
2686974431
2687298513
2688141263
2689750659
2689930983
2691034158
2691953173
2692910905
2694411595
2694730638
2695115393
2695311595
2695527685
2695843608
2696198147
2696273413
2696618697
2696786375
2698185862
2698695632
2698730797
2699275525
2701066509
2702453363
2702605426
2702952411
2704199941
2704272360
2704529490
2704706113
2704718972
2705945948
2706940479
2707219247
2709112788
2709160792
2709402086
2711139798
2712107075
2712740679
2712926185
2713437899
2713542891
2714454744
2714828436
2715114358
2716501676
2717313613
2717637615
2717802422
2718749510
2719131870
2719137977
2720618851
2720731805
2721081586
2722037978
2723186495
2723207439
2723283476
2724068448
2724179071
2724207088
2724540010
2725190002
2725231495
2725313327
2725415247
2726107933
2726908624
2727078897
2727157766
2727818398
2727949933
2728645900
2729892838
2730470011
2731335072
2731546688
2732387168
2732444744
2732689519
2732766178
2732850182
2733254851
2734133334
2734923463
2734927944
2735244537
2735359506
2735416094
2735626226
2735725842
2735913709
2736331675
2736691711
2736694610
2736994099
2737186217
2737355332
2737733177
2738825486
2738941810
2740235687
2740295024
2741119483
2741396673
2741898830
2742718180
2742764090
2743962049
2744634853
2744867437
2745592894
2745758728
2746052137
2746165170
2749015605
2751520800
2751820707
2751943500
2752166299
2752204851
2752493874
2753077335
2753428453
2754988615
2755505609
2756096217
2756823212
2757226974
2757545014
2758444866
2758616589
2758929397
2758955460
2759415709
2760742378
2761047783
2761314823
2761395955
2762032777
2762277024
2762983098
2763103250
2763616878
2763884506
2764782205
2765123603
2765229096
2765508788
2766183028
2766243455
2766989831
2767211648
2767278897
2767440355
2768235237
2770372885
2771509620
2772432224
2772647888
2774512024
2774575873
2775039225
2775079033
2775434844
2775799918
2777372966
2777688345
2777759007
2778001516
2778254469
2778573095
2778798088
2780182501
2780193958
2780625878
2780849454
2781038762
2781293854
2781495771
2781588248
2782381206
2783096420
2783900123
2784058421
2784615042
2784998481
2785315109
2785571071
2785795007
2788400084
2789171804
2789205980
2789215890
2789802232
2790186297
2790707337
2792104754
2792118929
2792800598
2792894974
2793315017
2793890735
2794548018
2795184852
2795393315
2796015890
2796887329
2797463883
2797544328
2797582527
2797693335
2797823283
2798130772
2798195859
2798221067
2798768807
2800300319
2800380947
2802425380
2802956121
2803261888
2803960926
2804331671
2806454259
2806489743
2806517523
2806598321
2806767166
2807281986
2807326188
2808748093
2808930297
2809218096
2810881109
2811224992
2811723159
2813399629
2814210696
2814545422
2814635329
2814691638
2814720671
2815090759
2815284619
2816536306
2817149969
2817307986
2819092225
2819595791
2819784542
2821832006
2822296361
2822901014
2822962225
2823803229
2824170989
2824225484
2824316193
2824503869
2824816466
2826874175
2827023287
2827441013
2828167106
2828192425
2828713111
2829371406
2830010131
2830867756
2831557091
2832061470
2832829013
2833062292
2833551673
2835348012
2835437831
2835868944
2836124898
2836963064
2837647035
2837887594
2839040768
2839144580
2840237007
2840849448
2841031235
2841098720
2841338919
2841563879
2842717654
2843334059
2843564876
2846140057
2846281312
2846899931
2847071137
2847463504
2847502743
2847663206
2848067594
2848683484
2849049159
2849314836
2849436649
2849675616
2850071026
2851287279
2851688866
2851900705
2852579349
2853534354
2853808740
2853995136
2854150128
2854920479
2855006884
2855010637
2855685036
2856289028
2856298996
2856818351
2857433765
2857941111
2858561347
2859133229
2859212100
2859577846
2859865073
2860022740
2860105370
2860174307
2860242476
2860485598
2860698380
2862269591
2863454109
2863857462
2863979437
2864232410
2864612585
2865243406
2865340622
2866024424
2866087798
2866227897
2866286298
2867102241
2867952977
2869198923
2869306981
2870442783
2871697317
2871866544
2872227069
2872307127
2872315370
2873131741
2873412493
2873799509
2874202840
2874493981
2874729345
2874787971
2874809261
2874923558
2875602578
2876267335
2876469416
2878862274
2879173904
2879373337
2879646924
2879887178
2880361379
2880870052
2881069392
2881170261
2881649470
2884722962
2885064463
2886522742
2887919447
2888682912
2888777361
2889100657
2889253963
2889258911
2890061466
2890146200
2890339160
2890744866
2891862803
2892096877
2892344492
2892606809
2892637802
2893780893
2893799711
2893897075
2896022502
2896344002
2896908440
2897538731
2899378495
2900077247
2900291255
2900659501
2901473236
2901995467
2902380409
2903123694
2903777991
2904177856
2905003209
2905057550
2905181943
2905296195
2905319037
2905677568
2906095960
2906650019
2907803792
2908967122
2909018612
2910151765
2911039475
2911127946
2911157535
2911205575
2911650683
2912123234
2912395185
2912770527
2913823935
2914177477
2914828305
2915287888
2915804422
2916502588
2916523037
2916597784
2916756788
2918399570
2918514980
2919263967
2919335430
2919799551
2919878536
2920126496
2920167321
2920337899
2920528684
2920793058
2920898055
2920955536
2920984560
2922603551
2922642952
2923063464
2923403833
2924516902
2924921056
2925541718
2925708662
2925919109
2926008228
2926301425
2927542705
2927687956
2928248048
2928418510
2928565407
2929694888
2929987433
2931130672
2931359574
2932596120
2933543438
2934205316
2934482040
2935042626
2935324348
2936643429
2937334902
2937344445
2937455596
2937719828
2937762295
2937982841
2938017503
2939648912
2940372932
2940398310
2940601313
2940701300
2940725261
2940850709
2941022528
2942850696
2944279735
2945007008
2945294455
2945558626
2945600039
2945768647
2946150624
2946232722
2946689915
2947065296
2947600940
2948107642
2948485990
2948740575
2949316522
2949760813
2950073818
2950106487
2950340328
2950371248
2950610198
2951110318
2951741962
2952197249
2952809248
2953825947
2953954962
2954372445
2955112350
2955155917
2956981570
2957426213
2958949561
2959601869
2960604055
2961439448
2961474618
2961950127
2962661258
2963059695
2963076006
2963300255
2964559989
2964604330
2965003246
2965464618
2965728367
2966059517
2966421498
2966664577
2967097734
2967383210
2968000075
2968224459
2968629680
2969052300
2970131026
2970572595
2971998771
2972518164
2973008708
2973420092
2973551689
2974677641
2975506628
2975876661
2975930625
2976126278
2976937446
2976944878
2976966312
2976969532
2977395071
2977632319
2977968531
2979110839
2979365349
2979417275
2980872096
2981064232
2981130003
2981924284
2982200439
2982397638
2982447466
2982954855
2983782294
2984767965
2985007982
2985591443
2985791701
2986064428
2986484544
2986978172
2987296064
2987304553
2987703443
2987715393
2988084688
2988323638
2988601969
2988957863
2990857778
2990904008
2992371130
2992415633
2993743193
2994521568
2994915622
2995104566
2995728803
2996792040
2997281967
2997571371
2998848882
2999292718
2999679539
3000475618
3000482314
3000678088
3001869602
3002867460
3002956022
3003118140
3003823690
3005542666
3005954251
3006380914
3007040286
3007861094
3008121791
3008354462
3008980298
3009062003
3010658525
3011448961
3012046061
3013543262
3013641468
3014910224
3015241699
3015496818
3017266655
3017805152
3018684643
3019103434
3019173126
3019838899
3020363334
3022670499
3022727111
3023476582
3023822173
3023967658
3024809454
3025435197
3025979167
3026013866
3026062139
3026130501
3026197609
3027435103
3028248818
3028292147
3028462985
3028888589
3029434915
3029810568
3030099260
3031068909
3031113260
3031888422
3032157829
3032713939
3033246507
3033778471
3034369303
3034899902
3035842383
3036339237
3036432820
3036577557
3037056774
3037701177
3037920476
3038633663
3039902458
3040062170
3041486891
3041601826
3041678565
3042393559
3042983417
3043197969
3043280191
3044626667
3044797045
3044974076
3046011191
3046268783
3046581544
3047409569
3047661339
3048832179
3049228399
3049301398
3051628931
3053269377
3053380126
3054358374
3054464860
3055362282
3055418701
3056106258
3056527846
3057165205
3057932906
3058377139
3059876192
3060362689
3060371837
3060554155
3060933510
3060939028
3061144598
3061686040
3061855251
3062073746
3062831061
3064039393
3064234595
3064238926
3065739444
3067553633
3067687110
3068192333
3068555588
3068639722
3069366555
3069481184
3070181130
3070345125
3070914068
3072461112
3072509598
3073684523
3073789841
3074520013
3074882122
3075036423
3075469612
3076048052
3076165173
3076889418
3077523926
3077612912
3078342805
3079076714
3080227113
3080985760
3081118471
3081428494
3082024522
3082846215
3082888693
3083091670
3083637366
3083833256
3084341442
3084605291
3085651193
3085660020
3085791026
3086532450
3086824451
3088955493
3089399510
3089919482
3090190416
3091052563
3091739693
3093177752
3093220071
3094076160
3095389306
3095460779
3095605521
3095895681
3097392946
3098163277
3098199749
3098863512
3098869221
3099134091
3099218914
3099570481
3100247037
3100340433
3100479571
3100996989
3102324488
3102464160
3103313976
3103771773
3104781561
3105696619
3106425005
3106531488
3107246825
3107300534
3107561683
3108245416
3108885492
3109148534
3109583647
3109920422
3110584348
3111022595
3111158495
3111170840
3111224823
3112065794
3112493492
3112781987
3112909596
3113292858
3113295396
3113651011
3114370808
3114944161
3115678839
3116442092
3116460856
3116799570
3117220645
3117425588
3117677395
3117832672
3118413456
3118604880
3119277445
3119549503
3119836978
3119892162
3120376613
3120509728
3121406093
3121531700
3121637956
3122332781
3122412751
3123144027
3123803484
3124354837
3124756229
3125152361
3126336737
3127363012
3127811726
3128276719
3128512478
3130160768
3130521836
3130928832
3131523240
3132611898
3133135295
3134127253
3134153649
3134852461
3136349815
3137254104
3137945924
3139675253
3139763848
3139885379
3140503120
3142506691
3142733546
3143174749
3143315285
3143463505
3143576808
3143794922
3144363160
3145193480
3145831688
3146998862
3147753287
3147753907
3149052023
3149549341
3149617926
3149931386
3150692872
3150777966
3150809700
3151618244
3151688929
3151814484
3152322652
3152386117
3152557149
3154501161
3155034586
3155281913
3155665331
3156172114
3156569871
3157586897
3157902466
3158908633
3159246855
3159312302
3161137548
3162136059
3162725983
3163018495
3163319976
3163523972
3164010305
3164564351
3165238995
3165619130
3167207793
3167488688
3167646599
3167872117
3168832875
3169356264
3169394375
3169793298
3170406935
3170963209
3171335185
3171514315
3172400539
3172490881
3172578278
3173144542
3173372192
3173713187
3175238586
3175940739
3177085097
3177321184
3177326823
3177583052
3180102892
3180218924
3180438177
3180676422
3180687951
3181995001
3182335676
3182534667
3183574887
3184016649
3184037022
3184286253
3184409559
3184481224
3186223982
3186535650
3186543193
3186565966
3187075328
3187328879
3187937736
3188336175
3188606009
3188924013
3189440502
3190344168
3190462826
3190568474
3191516549
3192614063
3192949431
3193050254
3193735164
3194074441
3195138098
3196466382
3196530273
3196619726
3196968515
3197591048
3197630423
3198188111
3198300906
3200084379
3200760125
3200895924
3201225944
3202147664
3202185698
3202190955
3202796442
3203434166
3204033467
3204095405
3204404998
3205374059
3205574148
3205921140
3206451736
3207551217
3207604342
3207653708
3207673816
3209794526
3210105467
3211510681
3212096793
3213189388
3213562242
3213946507
3214811705
3214913396
3215091669
3215387748
3215751421
3215893560
3216512702
3216575946
3217265712
3218342135
3218539790
3218578050
3218841326
3219097300
3220655134
3220859515
3221322664
3221417736
3221559764
3222219252
3222736648
3223429595
3223744191
3224201523
3224748867
3224894581
3225175942
3225179164
3225891772
3225953606
3226212734
3228385208
3228388083
3229216195
3230652244
3231658433
3231807725
3231984950
3232140365
3232726846
3234703746
3235359112
3235599714
3236028319
3236259793
3236815448
3236869760
3237217950
3237248628
3237516407
3237746164
3238089504
3238855822
3239083806
3239089368
3239368912
3239419520
3239519122
3240209920
3240344544
3240509597
3240785135
3240910167
3241699282
3241946603
3242251665
3242482749
3242599049
3243466394
3244004392
3244435050
3245549790
3245785667
3246123968
3246463161
3249056419
3249343687
3250558391
3250823123
3251185468
3251704956
3252740043
3254020418
3254357883
3254843001
3255335095
3256253017
3256303837
3256639169
3257144650
3257218841
3258044174
3260501461
3261174907
3262142497
3262625100
3262898679
3263284478
3263739688
3263813447
3264537689
3264620972
3265200253
3265292516
3265339223
3265396138
3266119127
3266227880
3266468990
3266510043
3266948254
3269854292
3271397458
3272852397
3273124007
3273399025
3273657211
3273682530
3275349101
3275745240
3275933413
3276063501
3276572913
3277232225
3277557179
3277747470
3277976587
3278161300
3278164365
3278184950
3278824038
3278939395
3280614601
3280842503
3281089059
3281748908
3282422774
3282806557
3283034211
3283064327
3283277636
3283697730
3283910227
3284297556
3284592688
3284609467
3285002179
3285174108
3285725419
3286588341
3286890349
3287492362
3288058698
3289706344
3291367676
3291773681
3292065705
3292246942
3292611829
3292638323
3294835646
3294952371
3295344681
3298428279
3298571378
3299799359
3299914804
3300487099
3301166566
3303624890
3304644879
3305035246
3305566064
3306322429
3306601650
3306767272
3306915145
3307368507
3308577769
3308783183
3308892605
3309012174
3310360170
3310396420
3310566206
3310582024
3310714629
3311268131
3312735401
3312906611
3314167089
3316015436
3317045090
3317726584
3318096798
3318347699
3318553194
3318586923
3320667463
3320902575
3321281168
3321319840
3321703993
3321913236
3322646873
3322951066
3322990238
3323595826
3323934542
3324030714
3324101018
3324172886
3324881620
3325173219
3325282335
3325630761
3326591395
3326763796
3327092376
3327494938
3327865950
3327882561
3328309765
3329610451
3329957106
3330169016
3331388977
3332816086
3333059044
3333930158
3334937851
3335811731
3336455281
3336741918
3337358028
3337599212
3338740307
3340987287
3341254661
3341408213
3341659032
3342177150
3342405363
3343799004
3343834022
3343913076
3343982792
3344882977
3345521532
3345665889
3345705364
3345937099
3346399544
3346411068
3346420843
3346564953
3348383242
3348609318
3348754653
3349063714
3350320414
3350379313
3350437872
3350840708
3351182426
3351395202
3351463897
3351725170
3351816455
3352156175
3352175822
3352314659
3353403304
3354038698
3354770419
3355469844
3355714812
3355735215
3356782815
3356892566
3356938158
3358642609
3358742134
3359078988
3359523663
3359830586
3359882935
3360197434
3360738212
3361009518
3361546033
3361849902
3361968406
3362392211
3363246736
3363336827
3363402182
3363461000
3364290938
3364305360
3364473057
3364616076
3364640258
3364650944
3364736403
3367360822
3367703890
3368086431
3368414910
3368636524
3369154468
3369842202
3369869649
3370445508
3370624068
3371125962
3371160535
3371669845
3372130438
3372498404
3372887038
3374186115
3374536701
3375814233
3376531992
3377278589
3377391600
3377663961
3378291159
3378816761
3378818978
3380385822
3380467794
3381070770
3381979724
3382245147
3382824731
3382964266
3383824848
3385403898
3388387437
3389018073
3389683830
3391324100
3391920111
3392009022
3392911370
3393091453
3395519390
3395860245
3395909811
3397631096
3397637414
3398353695
3398721098
3398721710
3399228968
3399454434
3400685289
3401178050
3401529221
3402337725
3402476862
3403094197
3403230720
3403695728
3404059740
3404291663
3404471918
3404598234
3404716046
3406103552
3406188041
3406399205
3406454866
3406572538
3406745869
3407199621
3407825678
3408177687
3408218784
3408318503
3409171718
3409461188
3410458600
3410896452
3411371047
3411527537
3411787736
3411944620
3411987250
3412093061
3413119693
3413527018
3413550072
3413836067
3414860189
3414946013
3416376378
3416958661
3417425349
3418033453
3418123548
3418226953
3418436981
3419401489
3419703063
3420252704
3420457821
3420698171
3421349654
3421475309
3424305262
3424526428
3424949032
3425475728
3425826566
3426151630
3427397474
3427399100
3428122300
3428505555
3428861976
3429788062
3430033137
3430379220
3430781565
3431338730
3432042894
3432191756
3432619587
3432679148
3433498565
3433566092
3433800438
3435476760
3436119633
3436475773
3436684615
3437745842
3439045476
3440350814
3441361289
3441752045
3441781547
3442408605
3442790065
3443190168
3443597381
3443824133
3444938364
3445388876
3445712905
3445910171
3446318394
3446459009
3446979155
3447079395
3447249404
3447373410
3447524860
3447631415
3448098048
3448650966
3448822526
3449006631
3449676762
3449736779
3450656930
3450775898
3450945697
3451185885
3451238885
3451429956
3451949789
3452310665
3452463670
3452652286
3453817256
3454090583
3454722736
3454818542
3455168478
3455592575
3455854796
3456054196
3456492875
3457910032
3458521132
3458530618
3458551797
3461667495
3461808285
3462713769
3463353080
3463562443
3463890206
3464629468
3464954253
3465669276
3465713131
3465905461
3466808536
3466834312
3466882138
3466932951
3466937623
3467196777
3468022478
3468075329
3468732753
3468780703
3469521054
3469825877
3470064358
3470349154
3470586427
3470716567
3470758712
3470972022
3471042839
3471893711
3472226152
3472627298
3472641794
3472804311
3472810701
3474866414
3474925837
3475690177
3476738299
3479453311
3480571362
3481759018
3481876457
3481939857
3482038230
3482300878
3482645913
3482669822
3483166812
3483268642
3484480521
3484523235
3485688579
3486547283
3487603987
3488066509
3488565671
3488698199
3489450271
3490534831
3490971961
3491126049
3491193081
3491482482
3492050118
3492175505
3492349193
3494300684
3496040479
3496270279
3496372659
3496458903
3497713956
3497748161
3497980080
3499152252
3499612896
3501113538
3502030227
3502514149
3504889952
3505010555
3505095500
3505217417
3505574816
3507097401
3507304373
3510388569
3511406526
3511704675
3512278106
3512413790
3513369071
3513546915
3514591939
3514740844
3515378839
3515506252
3515612694
3516488711
3516959015
3517167045
3517322349
3517625588
3517790655
3518484948
3518643740
3518661469
3518741119
3519160992
3519622603
3519782985
3520615120
3521643946
3521960485
3522201251
3522253698
3522959724
3523274002
3523860894
3525666506
3526133183
3526473278
3526476524
3527028837
3527167558
3527236331
3527909370
3529019880
3529902229
3530308871
3530448359
3530594671
3531203251
3531286809
3531381166
3531784957
3533962244
3534158112
3536442444
3536918874
3537374891
3538757614
3539006933
3539089822
3539201367
3539216269
3539697390
3539969038
3540314656
3541052245
3541170472
3541608881
3541626192
3541807541
3542315190
3542485135
3544542278
3544574219
3545117242
3546139242
3546304710
3547803302
3548886457
3550209959
3550348880
3550731982
3551236425
3552136401
3552254405
3552405846
3552953430
3554676351
3554947868
3555001737
3555940796
3557910693
3558795003
3559073699
3559766841
3559879379
3560199209
3560227596
3560620952
3560728744
3561005283
3561388746
3561842307
3562393389
3563101147
3563309125
3563343991
3563445986
3564329704
3564544402
3565243464
3565310001
3566137679
3566733769
3567066291
3568206979
3568513034
3568622887
3569143139
3569484107
3571444974
3572107612
3573143978
3574133267
3574637285
3574911031
3575771097
3576913217
3577391276
3577424637
3578307999
3579684942
3580130776
3580385182
3580993594
3581519877
3581646245
3582068177
3582385293
3584001426
3584424546
3584673812
3585235121
3586658687
3588341943
3588565388
3589017801
3589031917
3591271744
3591354022
3592177805
3593136423
3593307468
3593818560
3594089174
3596850164
3597036739
3597730844
3597962871
3598293895
3598755239
3598825555
3599031171
3599640023
3599985533
3600225037
3601664910
3601818708
3602070977
3602568691
3603173929
3604590038
3605676949
3606714516
3607032592
3607137426
3608089514
3608199995
3608280387
3609954355
3610585326
3611115122
3611154054
3611307632
3612406533
3612511089
3612579219
3613015745
3613181575
3613360026
3613589361
3614157618
3614392932
3615710296
3615971598
3616599825
3616835761
3617739640
3617818552
3619731382
3619931604
3621054032
3621954039
3622076997
3622399427
3622906458
3623365466
3623763930
3624896822
3625741480
3627525008
3627569980
3627695129
3627989549
3628437749
3630330983
3633920836
3634226474
3634737186
3636136602
3636636693
3637115146
3637868162
3638376108
3639152754
3639731993
3639822428
3640955641
3641033199
3641086242
3641214806
3641598759
3641776889
3641980062
3642402742
3642618737
3642678627
3642782972
3643063965
3643156107
3644810302
3644937927
3645100907
3645307483
3645638443
3646024895
3646104212
3646403172
3646438556
3646634935
3647571462
3647850356
3648007378
3648300318
3648810973
3649439010
3649538523
3654294966
3654624027
3655950878
3657023422
3658529582
3659893662
3660092680
3660218096
3660365974
3660881387
3664810081
3665105554
3665537438
3665750817
3666215765
3666305116
3666730274
3668399886
3670686152
3670740826
3671326977
3672013651
3672052644
3672176259
3673402351
3673753976
3673797349
3675267972
3675595715
3676048367
3676310805
3678168162
3678515530
3678653076
3679810075
3680078628
3681468847
3682378264
3682731791
3683388615
3684734682
3684949937
3685245856
3685528426
3685567643
3685887085
3686316836
3686720115
3687355793
3687689379
3689423607
3689598236
3689927759
3690215677
3690260411
3690706124
3691316478
3691383360
3691772034
3692610320
3692761248
3693147186
3694076698
3694863816
3695594385
3696866452
3696950410
3697969864
3698454808
3699739740
3699818089
3699946118
3700600151
3701106650
3701178994
3701332065
3701735108
3702510036
3703538793
3704260793
3704622677
3704695034
3704946082
3705313463
3705415673
3705502486
3706186120
3706223382
3706290081
3707406173
3708453776
3709368341
3711112211
3711698857
3712141014
3712709903
3713111488
3713294676
3713540058
3713697915
3713749971
3714520399
3715253458
3716070243
3716313937
3717467836
3717609272
3718325434
3718786327
3719254652
3719685860
3720006307
3720509514
3720828987
3720881991
3721187522
3721362570
3722684461
3723261650
3726142593
3726298009
3726368400
3726558519
3726632990
3728020873
3728166609
3728506812
3729166509
3729613510
3730320626
3731033378
3731574563
3732665003
3733043680
3733606192
3733712823
3733987219
3734106748
3734736092
3735181690
3735404840
3736011747
3736222948
3736302997
3736475370
3736856131
3736880028
3737405144
3737585594
3737865803
3738696100
3739306150
3741717520
3741971345
3743680202
3743813949
3744399084
3744464961
3745609774
3746421972
3746805431
3747454140
3747693602
3747737661
3747906827
3748603645
3748888378
3748979469
3749379468
3749469328
3749549267
3750119249
3750224588
3752791328
3752923923
3753008142
3753466703
3753577612
3753589526
3754009803
3754062602
3754162223
3754240027
3754280198
3755219282
3757429304
3757934762
3758105123
3758691925
3758805495
3759125100
3759139079
3759399405
3759564689
3759645619
3760277293
3761165541
3761457950
3763308128
3763785550
3764072640
3766153865
3766170920
3766260835
3768030480
3768353956
3768412220
3768501815
3769029790
3769461846
3770442094
3770539314
3770614045
3770854296
3771041023
3771113336
3771116169
3772570624
3773440694
3774289358
3776077526
3776557116
3776771691
3776914983
3777334000
3777549449
3778635037
3778747825
3779742876
3779922640
3780759545
3780887695
3783034058
3783377878
3784010113
3784048598
3784631134
3784667041
3784843082
3785116272
3785180510
3785569726
3786310466
3787639152
3788530947
3788691862
3789942425
3790404422
3791007504
3791438147
3792212482
3792684659
3793731452
3794133694
3794239082
3794447808
3795854177
3796199117
3796414380
3796660404
3797473561
3798696787
3799320652
3800062802
3800611851
3801160125
3801836735
3801953587
3802217305
3802461776
3802657555
3803412316
3803623311
3803990326
3804877511
3804887277
3805538056
3805941327
3806155158
3806685279
3807934731
3808928423
3809343396
3810184483
3811715238
3812445469
3813045017
3813339153
3813441318
3814015614
3814092031
3814298232
3814905945
3815075892
3815520668
3815925474
3816143861
3816970807
3817797739
3818038025
3818130669
3818549490
3818680354
3820091300
3820270890
3820649554
3821387023
3821783051
3823644493
3824055496
3824343473
3824589464
3824887208
3825544775
3825570054
3825610498
3825775681
3826241830
3827595958
3827654651
3827926156
3827958272
3828215920
3828239446
3828792399
3829226296
3829239641
3830045452
3830135026
3831744576
3832017708
3832427848
3832946731
3833192501
3833338295
3834305181
3834513597
3835312377
3835437465
3836129696
3837426166
3838261464
3838957312
3839195601
3839725894
3839877693
3839977001
3840289034
3840855556
3840928350
3841188044
3841208636
3841558105
3842222132
3842659855
3842932388
3843244533
3843668762
3845255315
3845388691
3845942248
3846425977
3846649825
3846870789
3847179835
3847226072
3847841088
3848147553
3849005445
3849635714
3849899602
3850065476
3850244751
3851071221
3853333955
3853376277
3853554424
3853754922
3854654751
3854899451
3855127917
3855752710
3855845072
3857361396
3857763415
3857870130
3859924023
3860533251
3861246206
3861329164
3863163724
3863773733
3864445816
3864804093
3864974772
3865201278
3865342771
3865788128
3866286246
3866665847
3866803606
3866978170
3867669143
3867731604
3871358285
3872096096
3872511019
3872780342
3873822111
3874919457
3875221940
3876076492
3876144394
3876799374
3877846879
3878032175
3878140325
3878862516
3878870768
3878889865
3879278622
3881177144
3881277149
3881742566
3881939882
3882286533
3882834155
3883369444
3883449653
3884708136
3884831905
3885438437
3885879134
3885988921
3887449144
3887941582
3888915335
3889072663
3890629673
3890745259
3890860074
3891182757
3891533086
3891658114
3891747479
3891795816
3892363853
3892373388
3892925111
3895347384
3895863852
3897088002
3897457927
3897785044
3898124525
3898307425
3898947420
3899386014
3900754861
3900776822
3901120319
3901253454
3903405636
3903441352
3903651134
3904169425
3904303438
3905256237
3905264522
3906215132
3906828820
3907397376
3908140818
3908396420
3908801081
3909755350
3909783491
3909793677
3911268614
3911437499
3911987962
3912901841
3913616946
3914126257
3914153299
3914459914
3914751253
3915174621
3915236224
3916970784
3917926641
3918358699
3918531858
3918845924
3920099755
3920201216
3920615836
3921994398
3922749386
3922861989
3923670599
3924673347
3924812591
3924924307
3925013922
3925594287
3926058904
3926096755
3926644450
3927197890
3927512945
3928182537
3928677890
3928878472
3929578632
3930201088
3930583659
3930889563
3931041373
3931371533
3932033430
3932562101
3932942791
3933072982
3934894379
3934997705
3935928930
3936348662
3936542560
3937191696
3937849027
3938740353
3939712108
3939740130
3939876882
3940077185
3940144380
3940954944
3942167965
3942206059
3942393117
3942549850
3942693825
3942735872
3942869659
3943714522
3943861393
3943923623
3944874756
3944892129
3945197129
3945197653
3946192394
3946523520
3946529545
3947470252
3948007113
3948479548
3948650365
3949326269
3950036455
3950069544
3950288609
3950923603
3951013789
3951076716
3951285135
3952326424
3952584286
3953093690
3953666816
3954550293
3954798816
3955136540
3956307154
3957341394
3957745810
3958545772
3958956778
3959597741
3959699514
3959930134
3961560454
3961621101
3961800271
3966974865
3967496379
3967546495
3968096511
3968691648
3968797384
3968931046
3971134209
3972033913
3972623448
3973790823
3974899279
3976733595
3976876145
3977348207
3979313619
3980747184
3980800598
3981162737
3981478639
3981542451
3983647899
3984011145
3984246657
3984690281
3986476049
3986851888
3986986025
3987112593
3987334759
3988117464
3989059623
3989630308
3989854508
3989984555
3990441285
3991051713
3992351051
3992956142
3993862694
3995710250
3995827725
3995914374
3995989812
3996105982
3996539056
3997305101
3997891490
3997971279
3998286425
3998732654
3998799933
3999315490
3999614912
3999683016
3999814050
3999847007
4001266986
4002416682
4003345261
4003508037
4004194984
4004458088
4004829309
4005771327
4006427334
4009167830
4010118220
4011199672
4012593924
4012751046
4013088091
4013298024
4013907001
4014427050
4014527143
4014817561
4014826415
4015027360
4015981584
4016088913
4016392346
4018115622
4018225079
4018462184
4018550508
4018786272
4020021162
4021571663
4021954301
4022201817
4022690480
4023040738
4023064927
4023258868
4023646578
4024869474
4025356513
4025676012
4025735665
4025761794
4026010219
4026364286
4026629134
4027492811
4027548519
4028188839
4030089289
4030312161
4030480216
4031146297
4032683664
4033539451
4034125065
4034407852
4035153366
4035199841
4035211681
4035662271
4037784319
4037903765
4038182740
4038990396
4040083000
4040105807
4040243922
4041121698
4041953958
4043351607
4043781699
4044014117
4045283858
4045442831
4045662854
4047746678
4048121311
4048598221
4049227711
4049460857
4049644346
4051710825
4051803235
4051884648
4051918601
4052007010
4052202275
4053272034
4053946076
4053985341
4054137881
4054478736
4055235697
4055764073
4057984656
4058263424
4058661096
4059098214
4059439402
4060772605
4060816567
4061375675
4061542917
4061567688
4061623703
4061704728
4063452213
4063605059
4063981380
4064007165
4064752896
4064903346
4064932781
4065040042
4065174673
4065353543
4065445935
4065537907
4066081032
4066743156
4066911731
4067983581
4068101532
4070433665
4070950477
4071426509
4071638068
4071659346
4072425228
4073630823
4075172904
4076015035
4076030855
4076351552
4077201909
4078272025
4078650128
4079084507
4079104172
4079151745
4079242473
4079653962
4080359212
4080688336
4081393884
4082813548
4083347277
4083491385
4084019474
4084033728
4084621322
4085318716
4086199155
4086623803
4086630751
4086673272
4086811501
4086843895
4087028938
4087076629
4087166287
4087945979
4088185685
4088378089
4089911387
4091068388
4091076481
4091326449
4093026237
4094988429
4095133115
4095481692
4095660617
4095699627
4095712136
4095989483
4097730498
4098098120
4098704916
4098868418
4099100626
4099347101
4100685812
4100816616
4101138411
4101910917
4102288210
4103157142
4103450877
4105144955
4105633501
4106322505
4106543636
4108674113
4108904056
4108975005
4110153075
4110633351
4111339066
4111656619
4112063298
4112706436
4112743954
4113468728
4115617128
4116080862
4118152753
4118231650
4119261895
4120306542
4120367726
4120805584
4121948722
4121978738
4122098203
4122521329
4122685891
4122730584
4122935570
4123327291
4123469336
4124922628
4125633142
4125926842
4126040392
4127042887
4127565659
4127886389
4128054200
4128166306
4129243949
4129481652
4130931984
4132026409
4132594817
4132600277
4132783148
4132990653
4133425583
4134789930
4135196447
4135897404
4136411304
4136418898
4136716053
4138080885
4140156172
4140732906
4142387883
4142568109
4143290947
4143894911
4143913718
4144150302
4144359871
4145353691
4145419605
4145652088
4146039278
4146178749
4146442628
4147166000
4147714170
4147795277
4149299199
4150093415
4150802878
4152367285
4152459945
4153008847
4154938161
4155052999
4155053103
4155833067
4155836788
4156247803
4158213690
4159937008
4160484282
4160712762
4161174804
4161483104
4161621021
4162177424
4162240881
4162296410
4162556859
4162852593
4163400033
4164599860
4164684068
4166249797
4168400084
4168789235
4170268537
4172790172
4173112999
4173771953
4173896487
4175294325
4177124645
4177378804
4177444716
4177886296
4178444406
4179055518
4179337000
4179544194
4179557065
4180655363
4181171261
4181436644
4181740655
4181804324
4182326186
4182415891
4182591297
4183483039
4183737519
4183783482
4184101257
4184351607
4184823215
4185285395
4185909003
4185976939
4186479442
4186562586
4187042238
4188919424
4189427114
4190607474
4190608741
4190915850
4192263895
4193022413
4193251780
4193693973
4194519727
4194797987
4194860582
4194960808
4195189426
4195226246
4195336849
4195723696
4196360354
4196478407
4196499008
4197191223
4197941283
4198411979
4198625466
4199089515
4199153492
4199756286
4200234378
4201164079
4201400742
4201491408
4201854587
4202194683
4202202506
4202553417
4203367696
4203583395
4205527699
4205770930
4207451587
4208406157
4208873050
4208903008
4209474150
4209823884
4211242507
4211360367
4212096026
4212119606
4212148619
4212538508
4212906566
4213060694
4213879049
4213910349
4214705394
4215038138
4215800078
4215860352
4216410160
4217475532
4218225100
4218642575
4219081058
4219444475
4221286416
4221916116
4223131434
4223495121
4225383194
4226441713
4226471432
4226909925
4226980644
4226983644
4227249386
4227909122
4228179370
4229543260
4230009306
4231487341
4232082039
4232489840
4232735819
4233308275
4236142727
4236151836
4236689817
4236962206
4237332635
4238336051
4238967037
4239314676
4239881812
4239907514
4240444383
4240468141
4240804302
4241339531
4241361237
4241716512
4243846634
4243946764
4244271925
4244278006
4244388548
4245054072
4245363648
4245547393
4246186268
4247234645
4247343581
4249496334
4250827498
4251288823
4251528234
4251572470
4251919374
4253620679
4254058791
4254071624
4255143992
4255386466
4255964621
4256352507
4256743153
4256791318
4256809804
4257190989
4257732950
4257872306
4258733395
4258782627
4259735551
4261113557
4261726184
4262201170
4263305025
4263999872
4264240832
4264407067
4265064792
4265724969
4266802049
4266898460
4267229703
4267361037
4267372523
4268135949
4268443602
4268631867
4268676721
4268952289
4269258275
4269272464
4269840800
4270155412
4271084102
4271236085
4271502393
4272262389
4273079632
4273871096
4274131045
4274209802
4275469571
4275995298
4275999531
4276138645
4276145840
4276510266
4277165005
4278934312
4279152606
4279230133
4279365692
4280355254
4280426158
4281445305
4281937357
4282171529
4282835305
4283119706
4283473167
4284054224
4284898098
4287126080
4287723985
4287816121
4287972802
4288346309
4288362465
4290152058
4290224686
4290394235
4290702218
4290925194
4291472772
4292539774
4292858421
4292898074
4293878394
4294023044
