284615
802760
956753
1182934
1276021
1353830
2411352
3207600
3792998
4504394
5302300
5816135
5996877
7562671
8060828
8644142
8925527
8973780
9265388
9391063
10467543
11323627
11589845
11607369
12032858
13351027
14760648
14861175
15331220
16113576
16752542
16991955
19032053
19364307
21527960
22620797
22815905
23078102
23621891
23760827
24198564
24291973
24776840
26419843
26443371
28160696
28356409
28538316
28566726
28595521
29311960
30882763
31463548
33384426
33568112
33689043
33927962
33963893
34793698
35037544
35110797
36053938
37651344
37963109
40594927
40794163
40863614
41000904
41305225
41538902
41724691
42975112
45793155
46318850
47391921
47570396
47915500
48341357
50403727
50584755
53212699
53900558
53932839
54085731
54087772
54710449
55451296
55526387
56789543
57765338
58003149
58321221
59945203
60336483
63251280
64306199
65068835
65445591
65518172
65542887
66309064
67280196
67508696
68550539
68816453
68909162
69006062
70155909
71634934
72281465
73360762
73397953
74088513
74375056
74762072
74792002
75049774
75466142
75607430
77290807
77308061
79939665
80552198
80658598
81164192
82192835
82222172
82570030
83196985
84085416
84588186
86025735
86605203
88546415
88742799
89669321
93327322
93522403
94547515
94705261
94731677
94786773
95579265
96127727
96274362
97153661
97436102
97624800
97783007
99128106
99274940
99503393
99583934
99812749
100090657
100859277
101241629
101415247
101552378
102319936
102856150
102991207
103510532
104043004
105064598
105555491
105920219
107583406
107879836
108114853
108224851
108302434
108684520
109781617
110200955
110881606
111101066
111129864
111525828
111570718
111669802
112118485
112210616
112302306
113904032
114276740
114844667
116034654
116395045
119649939
120799413
121452726
121541950
122226063
122810459
123173228
123450367
123670370
125158903
125554996
125608645
125665466
126053979
126625662
129018375
129687889
129849792
130264028
130600065
131347228
131355062
131591491
131630498
132719166
133055939
133183123
133473900
133679584
134501124
135544587
136118373
137548529
139165868
140151163
140298827
140390237
142556236
144566872
145167513
145332054
145625360
146254202
146658271
146902343
147093029
147164340
147754984
148602617
148622062
149305309
149353232
149578035
150126275
150238214
150272791
150955750
152460066
152467570
153885750
154099321
155106274
155767651
156720182
158497166
158748096
159600471
159705109
160158596
160989465
162080868
162520865
162854713
162938356
163200438
163929721
163979436
164392467
164522538
164666511
164736606
165178702
165453142
166154862
166309841
166374970
167321434
168539850
169157554
169274024
169939791
170213569
170627533
171770092
171892317
172497278
172628081
172720300
173358188
173396390
175000373
175437920
176142077
177103305
178017287
178325656
178689797
179531392
179645876
180692864
182696333
183469329
183490026
183603974
183707828
183921344
184261720
184302334
186875709
187435035
187899725
188226239
188458754
189025627
189336204
189483656
189604646
190241644
190336852
191915777
192116724
192342474
192491774
194343290
194443794
194919242
194938416
195592389
195631597
196151857
196207171
196478010
196732876
197847422
197858073
198881890
199023060
199246781
199679786
199774112
201161867
202382079
202514079
202758867
202911331
204586841
206044565
206114554
206164104
206845241
207404850
207808716
208069157
208464261
208551796
209587843
210030230
210035970
210176525
210552760
211162595
212512807
213292785
217322255
218177371
218232988
219014823
219126413
219353724
219753889
220068668
220339936
220839722
222127100
222435238
223083019
223768757
224092729
224650355
227002393
227789866
227810501
228560418
228672008
228812762
231122525
231191044
231496045
231582258
231780705
232531895
233531178
235255648
235903345
236220513
236892757
237065749
237098898
237521869
237708455
237883929
239126736
239432813
240116710
240260459
243838488
244271629
245249940
245898188
246289648
247030392
247573147
248219538
248417143
248784825
249302509
249617006
250510732
254184447
254414620
254510948
255015872
255033174
255152598
255438145
256004646
257075691
257245102
261479416
262420341
262811268
264679348
265636484
267081279
267312312
267885621
268466823
268683423
268699139
268734932
269251238
270005685
271698096
273119997
273279513
274103249
274274050
274959148
275818901
276423827
279263488
279478428
279932666
280234004
280261943
281295850
281495009
282145446
282597651
283138174
283357761
283970440
286107337
286597899
287314964
287475972
287618369
287774219
288249449
288288350
288299900
289023290
289441332
289880225
290922504
291386414
291607387
292630778
292710707
293217726
293623611
294184425
296227837
296378639
296747229
297258961
298518442
299643942
300439791
300689272
300886352
301092248
301436218
302201843
302207397
303210784
303821642
305089347
305109290
305349809
307009233
308024795
308029715
308223937
308474245
308511013
309912922
310723716
311129037
313460060
313483777
314420048
314450258
315309017
315962293
316205658
316545912
317104377
317112282
318584495
319008432
319286152
321416882
321521476
322297270
322799480
323432805
324289597
324439686
324878943
324948606
325183968
325414852
325427067
325707482
328191972
328304172
328720636
329091239
329242125
329816628
330368941
330788990
331446661
331921777
332384200
332527314
332654280
333438789
334536819
335146274
335254237
337276493
337915185
338070434
338314666
338746285
339059053
340789369
341098548
341620300
341860873
342476175
342691174
342954357
343354074
343460523
344334856
344611571
344949314
345830953
346130402
346575886
347478046
348091644
348420557
349784159
353399648
353570570
354158736
354181606
354624925
355071599
356189561
356258678
356278613
357007030
357778037
358142765
359234502
359426854
359540001
360425926
361216977
362887920
364493922
365291151
366000507
366047688
366567776
367241164
368334779
368639672
369692649
369803403
370072009
370764466
372513317
372974997
374675610
374874681
375063356
375127455
375986459
376084065
376313475
378028630
378587804
380170825
380362668
380516456
380562683
380926314
381097992
382080390
382538159
382563967
382566431
382710494
382911835
383009536
383983540
384176037
384323958
385110406
385229439
385613511
385626829
385944948
386571835
387550115
388308540
388405202
388616078
389094992
389250754
389651887
390064371
390216937
390723912
392303977
392360841
392844206
393567229
393658951
393786153
394066046
394741608
394902483
395293125
395501609
395617111
396531934
396669588
397160398
398162669
399641974
401597147
403256299
403311034
404165277
404750816
404875298
405587512
405777945
406501572
406874295
407136166
407928214
408129177
408215793
409254602
409258179
411038741
411056205
411220741
411471876
411707342
411832570
412250742
412576693
413127613
413678935
414467171
414927050
415367712
415681341
415852441
416734600
417838354
417849162
417945622
418659349
418720606
419355319
420222148
421624186
422453591
422602841
422773815
422832555
423307949
423390498
423439021
424530405
424664086
426033655
428178046
428376127
428791341
430633258
433032983
433119978
433743970
434622163
434736361
435813795
437238036
437933259
438934960
439960103
440745228
440865347
441517244
442149615
442345106
443263368
443309996
443550915
443661831
444072364
444309699
445023967
445109722
445461619
445664371
445698194
448528620
448765208
449565639
450184852
451281099
451795189
454983417
454998360
455748708
456056046
456733057
457166211
457248047
458295310
458508107
459043751
459241102
460024174
461057677
463283410
463367464
464450430
465560455
465737408
465909295
466769556
467196455
467431760
469830410
470528691
470738448
472408933
472622898
472941942
473820877
474111445
474723315
474781660
475995831
477233763
477235950
477390215
478370273
478912406
479418520
479527426
480306916
480776752
481076190
481148347
481219782
482018059
483681472
483867186
484268448
484428388
485454908
487546300
489406564
489419990
490056668
490827807
490946283
490993150
491732278
492463959
492640770
492652651
493129153
493332531
495153722
495743736
497106672
498274551
499848794
499857624
499992244
500039874
500084315
501301408
502773364
506160387
506234567
506638492
507181320
508703367
508970088
509618942
510160750
510360979
510501572
511376717
511479840
511554964
511946617
512924061
514613986
515261897
516093799
516630012
516658181
516714882
517644643
517758243
517972560
518298882
518303010
518521266
519200999
520159729
520792375
521907417
521954479
522062421
522175958
522634719
522841215
522997837
523273482
523626786
523659950
523736018
524495608
525653699
525719257
526208514
527067084
527192163
527254742
527432840
527827700
528300122
528843169
529463301
530139980
530523412
532519926
532737606
533765227
533861785
534772895
535841160
536451753
536842418
537762043
538316807
539470854
540994446
541866607
542547522
542673940
542934371
543286350
543771549
543983508
544044303
545001407
546567357
546708353
548153837
548474219
550796341
553284629
554404953
555485289
555506520
556425121
557675537
558204952
559016487
559376086
559761355
560221827
561527195
562362909
563590421
565218548
565411448
565501449
566055540
566158610
566244168
566910158
567058143
567619714
567732299
568599398
569335907
571127771
571560982
571632946
572164315
572436919
572440313
573445100
573682332
573864481
573984102
574153640
574279443
575878743
576346876
576963140
577072177
577073966
577521028
578023962
579264913
579454728
579626392
580013307
580435282
580746810
581068796
581176698
581740135
583503044
584217574
585313356
585357656
585741058
585807712
586506699
587427858
587964972
589028170
591593646
592336307
592517738
593355504
593646023
594082782
594093793
594943501
595114353
595948466
596576905
597835584
598629439
599639111
599981064
600173140
600641122
600847901
600848869
601196491
601326946
601545795
601737416
603921517
604666164
604666792
605667133
606119534
606789501
607125634
607195299
607776211
608188956
608346049
608354448
609088033
609529498
609745452
610236490
611998476
613433198
615334287
615919528
616358454
616806009
617609886
618271556
619251715
619372906
620399947
621298653
621731624
621995986
622297975
623484006
623713524
623719440
625304447
625665306
626546664
627365410
627401488
629831511
631228895
631963135
632044684
632519095
633703167
634608490
635491070
635918240
636257306
637814839
638132161
638141939
638190714
638800671
638814951
640108303
640693901
641026949
641031904
641254218
641513080
642489385
642575423
643612960
643757049
644167630
644254540
644438812
644543468
644648639
645915440
645935128
646068323
648239329
648508318
648535906
648981775
649450823
649698586
651219987
651240241
651357103
652372472
652787833
652954373
653214646
653588598
653680657
653749630
653768630
654289334
655866933
657029711
657193146
657455896
658133483
658424724
659093151
659492390
659948370
660464813
663983468
664663363
665138657
665188164
665997118
666156700
666262749
666330307
666513827
666982446
667238997
668112687
669423191
670038512
670085095
670249185
670408667
670443674
670978510
671596725
672933025
672972307
673613881
674066242
674357582
674950359
675110735
675769153
676038553
676209148
677174598
677233955
677650549
677732816
677978186
678138705
678170645
678666999
679660703
679726568
680538340
680910844
680983310
681067103
682224383
682381894
682414648
682438045
682698959
684237351
684458815
684468588
685201932
685561241
685992224
686188473
686440706
687392818
687510458
687592223
689297762
689958014
690162378
690996667
691182761
691670326
691834615
692513588
693377078
694624442
695639166
695852611
696572150
696629270
696953355
697318205
698085680
698772336
698932548
700496821
700599095
701092322
701195911
701211429
702678644
703168520
703288534
703732536
704146356
704746245
705348447
707210932
707700574
707995266
708216968
708642910
708808859
709959733
710078261
710404950
710496395
711769643
711964185
712679411
713965560
714188274
715659434
715728871
716289014
716568597
718544497
719137413
719514834
719527387
720113563
721418724
721738749
723195041
725257926
727166654
728248270
729314780
730658907
730826942
731058093
731933255
732142991
732566590
732745483
733136222
734380236
736543298
736880367
737663807
737671024
738456000
739416313
739915945
740605388
740982836
741826164
742488942
742971901
743962878
744081106
745542464
745615227
746725111
746843369
747054571
747569264
747730763
747993085
748284811
749114776
749659634
749870275
750793188
751883016
752165276
752167378
752176943
753248268
754493114
756040647
756209333
756808665
756816316
756936221
756960979
757084050
757479462
757599062
757697296
758377496
758655550
759406345
760861820
762627878
763091310
763605803
765051492
765117722
765820606
766897858
767780791
768171604
768310404
769205263
769207331
769224039
769690370
771345929
771922236
772607807
773036674
774317970
775049214
776642524
777627021
778129893
779047687
779064601
780203504
781041412
781331684
782840918
783090067
783664027
784074227
784542486
784880860
785349067
787336396
787438972
788060910
789729081
791141596
791197187
791590006
792098746
792732822
793151048
793408688
793773703
793940709
793972666
794141612
795423350
796701181
797730257
797986492
798034381
799515817
800325713
801572578
801786022
801890804
803421308
804036492
804469598
804899260
806074442
806236965
806497313
807005205
807766892
808614905
809377741
809450962
809464201
809496851
809498133
809502800
810579324
810965792
811361938
811377591
811594423
812753687
812801064
813171603
813271408
813717340
815215303
816030965
816489515
816655978
817373747
817599231
818081006
818348994
818476690
818992470
819559139
820046139
821385223
822656975
822671906
823260749
823701940
823857477
823946998
823947527
824418660
824602302
824776296
824895880
825397293
826670189
826680283
828222099
828843451
828937278
828990715
829380760
829496379
829886215
829890226
830080250
830538667
830876670
831145544
831300267
831496601
833323406
833681297
835418097
836278709
836360137
837584066
837766916
837866446
838447875
838728784
839052577
839516544
839818599
840377498
840643037
841360193
842354207
842963634
844448126
846307831
846502825
846731273
847053197
848113255
848156737
849338969
849632999
851549581
851665139
852131200
854064288
854380697
856009472
857098965
857816241
857871422
857907409
858011726
858939777
859028430
859075594
859366749
860060025
860483641
860836844
861565898
862112106
864457240
864919220
865456029
865518103
866840494
868107587
868177427
868679591
868895468
869098190
869331691
869388475
869401732
870153875
870184794
870527212
870662151
870828974
871874337
872160411
872554378
872750260
873305584
873530294
873810770
874478597
874808365
875232247
876772407
877119035
877202306
877534318
878414041
878451024
881023467
881124684
881189071
881483425
882062104
882086326
882164117
882905582
883504457
885265864
885372429
885629949
885696987
886768044
887235842
887567047
888218285
888642726
888937551
889384501
889728706
890269938
890403194
891515772
891559852
892520113
892670512
893638302
893757012
893999372
894464035
894595348
894884597
896020455
896176584
896474623
897001099
897210618
897622540
898546476
899146446
899356638
899482226
899533203
901783702
901846927
901971906
902290785
902491878
902799112
903830003
904078984
905383447
905521269
905949814
906225587
907283331
909144751
909666355
910106965
910173990
910248714
910727665
915161160
915609635
916210892
917969938
919077739
919200318
919364582
919507474
920504792
921202748
921246830
922730495
923325409
923758405
925102324
926026046
926250469
927036874
927130842
928559476
929038274
929888405
930005042
932696969
933810430
934071281
934686674
935213766
936261451
936814990
936915809
937672188
938695225
939072973
939617524
940810373
940909104
941007290
942753711
943645414
944684076
944927332
945046255
945562978
946301652
946743203
947584260
947726529
947770786
948274177
950259935
951750272
952370364
952531979
953861241
953864218
954851390
956884701
958147253
958849356
958908087
960366793
962217405
962566071
962867812
963018282
963833707
963903880
964281286
964673947
964713095
964890313
965494804
966238813
967429544
968171908
968468740
968637841
968738119
969710393
970202761
970560457
970645186
971598336
972443968
972660761
974735280
974742423
974960295
976127418
977154989
977226441
977830373
979226346
979558790
979675268
979793378
980549274
981096568
981388496
981941079
982497733
982849286
982955095
982999876
984106370
984122581
985363345
985532032
985727822
985883074
986442028
986556050
986747551
987297077
987607580
988418106
989013124
989442350
989771642
991259121
992647823
992999599
993328091
993756369
994628039
995545401
996039795
996459497
996654941
996827979
999551839
999588846
999774937
1000178197
1002845193
1003453826
1003611640
1004683493
1005072353
1005911029
1006372452
1006831261
1007210598
1007383305
1008977587
1009109509
1009910184
1010377880
1010735281
1011033190
1011345200
1011898194
1013354046
1013549373
1014295541
1015530392
1015644204
1016138677
1016686705
1016993540
1017401110
1017420658
1017958394
1018019377
1018288663
1019012861
1019858409
1020134699
1020410583
1021573483
1021681449
1024196470
1024950977
1025040599
1025934517
1026295119
1026920538
1027123777
1027826200
1028584789
1030168103
1031162113
1032225545
1032254913
1032531591
1032640562
1033400708
1033412619
1034091588
1034947250
1035366814
1035529733
1035722810
1036412984
1038062344
1038486242
1038638688
1039604083
1039644598
1039807314
1043608902
1043677052
1043875157
1043990455
1044421573
1044465007
1044756245
1045652067
1045820147
1046033525
1046035485
1047299864
1048475353
1048716127
1048892359
1049074224
1049707602
1049837957
1050251935
1050417218
1050676372
1051075120
1052254791
1052330997
1053335744
1053685694
1054014066
1055281726
1055425038
1055461494
1055666401
1056733533
1056806117
1057308122
1057690176
1057862778
1058079353
1060047309
1061537810
1061653195
1061663787
1061819212
1062682006
1062993975
1064268030
1065280093
1065317365
1065379436
1065472559
1065511335
1065712699
1069285383
1069744666
1070010685
1070194798
1070366194
1070624092
1071184850
1072268715
1072873424
1073055166
1073155121
1075017112
1075048395
1075333396
1075662749
1076154539
1077010036
1077716133
1077828717
1078096572
1078179347
1078458444
1078986213
1079380574
1080920459
1080938179
1081248249
1085131042
1085446137
1085511557
1086466355
1087379074
1089078000
1089553821
1091652590
1091736664
1091830837
1093462434
1095420326
1095656938
1097964988
1098791578
1098910140
1100000172
1100659687
1102336788
1103377659
1105956488
1106051661
1107425583
1107657656
1109153366
1109840144
1109850492
1110274558
1110968777
1111043839
1111064628
1111315648
1114511425
1118705212
1118735601
1120143042
1121112412
1121204852
1121344261
1121386369
1122831144
1122843307
1123362960
1125160744
1127306734
1129121065
1130517615
1130526348
1131018445
1131231403
1131370726
1131417252
1131642572
1132552611
1132840320
1133043591
1133051201
1133644322
1133847893
1134590008
1135041634
1135439693
1135937880
1135957141
1136355040
1139356416
1139512639
1140132516
1140388472
1141662526
1142907485
1143445581
1143609650
1146410966
1146611932
1146807020
1147036456
1147390396
1147443815
1149209208
1151645362
1152119288
1152992825
1153050518
1153553907
1154770599
1155114920
1155331827
1155701177
1156009234
1156048518
1156363085
1158272501
1158847924
1159076494
1160935901
1161218376
1162174901
1162492029
1163062454
1163980690
1164261394
1164455568
1164817599
1165320434
1165745403
1165816086
1167364672
1169166600
1169644070
1170525515
1171858006
1172773841
1175539401
1175568023
1176152258
1176757443
1176792710
1177596857
1177788266
1177827875
1177974027
1178149770
1178813126
1179017690
1179462369
1181019049
1181377873
1181445737
1182262789
1182453188
1182880966
1183384289
1183778014
1184024007
1184330900
1184361950
1184427628
1187774584
1188137817
1190147502
1191969860
1193523180
1193562673
1194397869
1194649790
1194739078
1196149849
1196603806
1196635825
1196730568
1196872361
1196922604
1196985157
1197040259
1197255495
1197642783
1198616808
1198732423
1199911024
1200520600
1201878446
1202132080
1203024989
1203924548
1206428305
1206497229
1207842463
1207994609
1208294364
1209216061
1209888889
1211477680
1212907828
1213161807
1213290267
1213529156
1215172136
1215910104
1219279091
1220522491
1220540421
1222022293
1222155764
1222935843
1223530733
1224003762
1225870832
1226231759
1227699891
1228042447
1228951223
1229346708
1229968461
1230209855
1230269871
1230386205
1231155775
1231566614
1232175433
1232603196
1234161280
1234185092
1234229773
1234607838
1234678208
1234869277
1235166246
1235222977
1235628101
1236597847
1236875236
1237186778
1237998494
1238237224
1238250394
1238483916
1239245536
1239362848
1239369323
1239910760
1240069186
1240394500
1240535589
1241147032
1241493257
1241642568
1242983411
1243568421
1243861003
1243999902
1244086704
1244329542
1244578845
1246235136
1246830024
1247171444
1247440657
1249075990
1249354414
1250505397
1251087227
1252877204
1254690685
1256546500
1256663085
1257925008
1259362979
1260138353
1260232687
1261541637
1261645312
1261715123
1262362510
1262502797
1262626617
1262842182
1263191183
1264142503
1265272659
1265701391
1265757537
1266158293
1266735053
1267897857
1268137339
1268724170
1268887170
1268994704
1269122183
1269490247
1270495870
1271128687
1271138085
1271147473
1271797953
1272375317
1272986913
1274774470
1275992376
1276580472
1277127207
1278997160
1279324746
1280778567
1281261908
1281717678
1282449417
1284238558
1285016021
1285692513
1286038089
1286175347
1286264921
1286482907
1287372201
1289536559
1289687603
1290059618
1290078335
1290300081
1291275747
1292683563
1292849114
1295340357
1295761240
1295862366
1296301222
1298339017
1299069683
1301876793
1303093205
1303367356
1304423490
1305000148
1307051455
1307892712
1307946182
1308084756
1309537873
1309725995
1309790145
1310586756
1310663315
1310716429
1310807487
1311020390
1311050454
1313119206
1313166867
1314786760
1317488179
1317643609
1320175355
1321627034
1321724271
1322290229
1322951784
1323062033
1323191293
1323707183
1323772858
1324305708
1324697299
1325069566
1325410327
1327041561
1327143213
1327767904
1330563702
1330725091
1331246059
1331259398
1332028980
1332724936
1333414486
1333430240
1336759163
1337944469
1338519259
1338652558
1338665033
1339176062
1339376471
1339866056
1340976262
1340984517
1341156379
1341178965
1341733011
1343084488
1344145496
1345884290
1346060833
1347811030
1348782772
1349142735
1349302957
1349420882
1349570284
1349591515
1350785580
1350801612
1351235053
1351389300
1351491410
1352670838
1353232709
1353965701
1354204059
1354531652
1355541308
1356046905
1357171664
1357662554
1357786974
1357993675
1358437573
1359096728
1360284444
1360546163
1360952967
1361342360
1361546621
1362097145
1363488379
1363652305
1363931250
1363968162
1363996564
1366007589
1366090927
1367245574
1367513608
1368638548
1369260305
1369309201
1370524668
1371346570
1371530171
1371773423
1372472748
1373096726
1373192455
1373581485
1373670905
1373924760
1374270376
1374825819
1374947491
1377818362
1379107532
1379257837
1380036771
1380137160
1381048515
1382103140
1382345460
1382560492
1383490995
1385168293
1385288393
1385923011
1386265901
1386662997
1387215266
1389153451
1389225978
1389645882
1391912548
1392553739
1393135387
1394958204
1395217103
1395794990
1395810187
1395863369
1397795417
1398511191
1398615343
1399487493
1399671886
1399790435
1400415526
1401127747
1401148190
1401456554
1401509766
1401575297
1403381472
1403608319
1404343640
1405839094
1406644084
1407886183
1408167926
1408564074
1408962722
1409248282
1410421813
1411299585
1411602472
1411858955
1413026073
1413677629
1413976539
1413981624
1415456607
1415634703
1415704419
1416258319
1417041707
1417392985
1417859979
1418763984
1419024240
1420137634
1420297625
1421598331
1421993075
1423503238
1423525899
1424827303
1424865375
1425600989
1426139406
1426513973
1427092822
1427730908
1428279411
1429566492
1429840475
1430005009
1430780829
1432087546
1432819270
1433255977
1433652824
1434207916
1434511885
1434751723
1434771369
1434846011
1435441428
1438127074
1438376411
1439656436
1439757847
1440476329
1441222555
1441478546
1444311838
1444868171
1445083201
1445235267
1445705193
1445769451
1446040540
1446133521
1447351972
1447870858
1449342653
1449738833
1450155025
1450915419
1451566185
1452803431
1453040831
1453416860
1453558146
1453649047
1453707882
1454261258
1454360359
1456268749
1456827986
1457455723
1457522475
1458187880
1458430563
1459026217
1459168209
1459970588
1460285964
1460531269
1460558914
1460755196
1460773790
1461934984
1463247174
1464065870
1464377003
1465276031
1465292843
1465846052
1466310887
1466686109
1466843209
1467665719
1468640988
1468687020
1468931240
1469113642
1469284626
1469307608
1470105907
1470434348
1471733141
1471764331
1472598021
1472994663
1473054071
1473511638
1473929780
1474103709
1474149072
1474686120
1474715395
1475320432
1475557905
1475622208
1475628019
1475768631
1475911700
1476435595
1476454993
1476527164
1477344881
1478306439
1479963101
1480795589
1480976153
1481029892
1481536285
1481996563
1482206253
1482318083
1483062308
1483267916
1483334577
1483690585
1485085487
1485162353
1485888229
1486362740
1487043352
1487488156
1487610619
1487892814
1488550669
1488996993
1489485072
1489966386
1490050536
1490822734
1491421267
1491674940
1492023899
1492225023
1492302337
1493566245
1493732767
1494663200
1496001788
1496405243
1497287360
1498163561
1498192628
1501676552
1501785454
1501865156
1502007653
1502733872
1502810774
1503499948
1503649043
1503686526
1504155704
1504865951
1505174787
1505268988
1506194671
1506298138
1507206633
1507483066
1508655333
1509501548
1510041080
1510388678
1511304700
1511437794
1511847946
1512694695
1512748686
1513110089
1514073263
1514124027
1514686699
1514906565
1515092238
1515514639
1517344391
1517534651
1517871075
1517888238
1518365750
1518694158
1518940595
1519233899
1519278556
1519599706
1520235183
1521014206
1521709516
1521924278
1522527422
1526328651
1526635032
1526758501
1527775529
1528283750
1528986369
1530229069
1531762579
1531904940
1531908227
1532324492
1532487339
1533486380
1533545257
1534675172
1535442860
1535668356
1537006493
1537576952
1538244001
1538346719
1538460669
1539974449
1540862368
1541058375
1541400439
1542260619
1542437073
1544925955
1544961000
1545208302
1545610400
1545958794
1546275349
1546653613
1546776636
1547800793
1548284863
1549362487
1549529323
1551721575
1551779982
1552461911
1554226815
1554292827
1555992855
1557385804
1557788821
1559403613
1559930610
1559945868
1560188562
1560619313
1561513045
1562480392
1563690799
1564692532
1564755238
1566897104
1567011105
1567379932
1567509322
1567732227
1568551631
1568637411
1570060505
1570318411
1570720395
1571105129
1571280410
1571599090
1571672040
1573046551
1573167465
1573199437
1574280438
1576137358
1576195580
1578764603
1578969752
1579469089
1579905754
1580602139
1580714840
1580785039
1580793408
1581331216
1581414960
1581722159
1581741287
1581840390
1582398941
1582933641
1582967709
1583006047
1584335055
1585383916
1585686043
1587046106
1587362493
1588125195
1588976510
1592242616
1592743120
1592906463
1593818989
1594261884
1594365724
1595051150
1595096494
1595510742
1595904241
1596023792
1596834334
1597250258
1597319518
1597677774
1598149023
1599384238
1599434896
1600033360
1600331281
1601706797
1601829484
1602074842
1605348241
1605511580
1605563145
1606168602
1606955545
1607021619
1607029387
1607350279
1607503421
1607610609
1609774677
1610211651
1610441842
1610840095
1611543685
1612057246
1612231925
1612584856
1613040758
1613156227
1613837687
1614217033
1614544790
1614637964
1616576099
1617047721
1618076901
1619099002
1620517094
1621237604
1621363944
1621755542
1621857588
1624766385
1625527143
1626214012
1627066774
1629077959
1629092714
1629521253
1629598334
1629609021
1631034880
1631448310
1631914748
1632025225
1632221497
1632715829
1632838830
1634554035
1634573109
1634697743
1635080817
1636121096
1636774994
1637514699
1637856389
1638095918
1638780886
1638948021
1639651649
1639879208
1639959220
1640687360
1641005918
1641168808
1641391152
1641954624
1642350748
1643005682
1643336471
1644114326
1644514961
1644616240
1645315677
1646216503
1646994241
1647414600
1647582918
1647604440
1648368553
1649998953
1650789145
1651161947
1651175008
1652282110
1652437174
1652677942
1652831021
1652874931
1653275122
1653334933
1653702637
1654104949
1654200494
1654552925
1654670066
1655546863
1656618279
1657236646
1657895727
1657924603
1657927677
1658300089
1658712659
1659287845
1659502255
1660786106
1660978029
1661964747
1663451491
1663469337
1663801683
1665315769
1665783498
1667380909
1668423031
1668595339
1668998066
1669450506
1669482841
1670505189
1670905318
1671616903
1672129471
1672880594
1673192525
1674180182
1675158780
1677170515
1677434551
1677784038
1679226653
1680171798
1680534333
1680646772
1680721310
1680820519
1681928161
1681997075
1683969376
1685434688
1686959764
1687193830
1687234490
1687601879
1687664946
1687831179
1688023741
1688351569
1689109141
1689274345
1689630298
1691580760
1692382793
1693103468
1693371175
1693765727
1693949780
1695074032
1695152905
1695325042
1695597655
1695601114
1695993440
1697545156
1697687042
1697810025
1698043742
1698345380
1699703102
1699926109
1700324495
1700938537
1702304542
1702515072
1702517416
1702673742
1703227820
1704095844
1705089620
1705190618
1706198126
1706752151
1706935476
1707710393
1707726113
1708009170
1708748075
1708891021
1709367604
1710779650
1710833623
1711099640
1711620731
1712145647
1712940577
1713239117
1713400426
1713724517
1714124632
1715458637
1715633581
1715656455
1715771378
1716545639
1716602967
1716914558
1717919326
1718679165
1719932549
1720130204
1721015750
1721078311
1722319473
1722810904
1723061800
1723239339
1723746053
1724331421
1725720528
1727533669
1730767618
1730970224
1731421827
1731470687
1732309053
1732995477
1733515240
1733558892
1733768671
1733821201
1734260456
1734409508
1734782816
1734899365
1735045797
1735417158
1736575799
1737079626
1738322012
1738415428
1739141149
1739195610
1739999646
1740145820
1740247451
1741841604
1742278529
1742681863
1743770108
1746075265
1746199394
1746771237
1748505478
1748625743
1748849225
1749013794
1749235204
1749337919
1751217000
1751903948
1751920711
1754222846
1754516713
1755093990
1755112414
1755360195
1756166784
1758765146
1760047643
1760533115
1761501961
1761504091
1761979955
1762221435
1763106793
1763747011
1765135407
1766272608
1770604393
1770959544
1771404255
1771785616
1771937587
1772579823
1772989135
1773570413
1774882947
1777062071
1778059033
1779124913
1779259648
1779335858
1779681725
1779780528
1780723576
1780973828
1781671628
1781702478
1782823797
1784364949
1785391867
1785596263
1786236026
1786358293
1789928944
1790002233
1790508656
1791642514
1791838776
1792183154
1792752730
1792989428
1793569271
1793716931
1793825470
1794573501
1794861491
1795283360
1797805583
1799302072
1799716663
1800280306
1800506125
1800843938
1801670148
1803423283
1804567864
1804823886
1805405862
1805774969
1806274732
1807143568
1807271282
1808636982
1808956586
1809640318
1810107953
1810498169
1810820545
1810852408
1812521295
1813028513
1813213361
1813264465
1813342957
1813988714
1815799441
1817403301
1818373920
1818653389
1821025515
1821422942
1822449555
1822675045
1823518828
1824503661
1826635472
1826740004
1828601549
1829001218
1830091611
1830347317
1830923757
1832001127
1832080186
1832476556
1832878467
1832919021
1834334418
1834886704
1836887565
1837397948
1837626156
1837851528
1837929647
1838061167
1839226200
1839850677
1840093312
1840566249
1841535590
1841777082
1841941163
1842114506
1842176468
1843144054
1845073480
1845556741
1846206834
1847436742
1847884924
1848651545
1848722405
1850531057
1852491482
1852922754
1853033778
1853956802
1854411301
1855361668
1856078076
1857655794
1857997235
1858097454
1860826070
1860876716
1862125928
1862314004
1863515901
1863719542
1863787526
1864337181
1864944833
1865001727
1865310375
1867567242
1868106390
1868214223
1868976903
1868994126
1870605478
1873344336
1873704604
1874045085
1874216458
1874297077
1874385989
1874518626
1877355649
1877775876
1877828837
1878009814
1878800072
1878885441
1879723058
1880074958
1880179980
1880344858
1880697572
1880936076
1881596700
1881966116
1881973094
1882195277
1882697490
1882789340
1882815823
1883143830
1883262732
1883306719
1884544671
1885269267
1885442319
1885867376
1886190311
1886487817
1887387293
1888174824
1888459082
1889056998
1889841578
1889876773
1889979151
1890994161
1891136314
1891569359
1892158522
1892937781
1893215603
1893253132
1893322597
1893652980
1893989968
1894342904
1894454817
1894559205
1894878016
1895378306
1895784149
1896185728
1896337670
1897557859
1898575252
1898607314
1899083438
1900731741
1900830753
1900990102
1901087971
1901522375
1902315450
1902497051
1903791363
1903909450
1904549140
1904636629
1905527349
1905529657
1905850436
1905919873
1907410258
1907455334
1907977290
1908481220
1909194877
1909398368
1909588623
1909824036
1909832242
1909926188
1911028415
1911050798
1911977657
1913712947
1914340492
1914620651
1915915248
1916189702
1917270107
1918485780
1918870103
1919148679
1919517768
1919798468
1919841121
1919943081
1920645914
1920673795
1920842807
1921864056
1922035744
1922870182
1922932094
1923028303
1923235849
1923467653
1923915816
1924798683
1925389383
1925589257
1925982977
1927037709
1927091826
1928132648
1928633129
1929642005
1929944013
1930455790
1930534497
1931168415
1932103736
1932781741
1933094394
1933461168
1933961895
1934158141
1934559677
1935030514
1935617855
1935699458
1935771785
1936175581
1936883685
1936950032
1937362322
1938160626
1939268769
1939374828
1939662832
1939994803
1940218112
1942503977
1943367616
1944202500
1945544749
1945987214
1946922565
1947438064
1947663223
1949352307
1949872704
1950118333
1950600193
1951478686
1952958061
1954570775
1956180952
1956555014
1957031217
1958372513
1958423955
1959927977
1960437872
1961650307
1962053481
1962159149
1962455642
1963204626
1964013930
1964523461
1968637794
1968653064
1969207070
1969804373
1970230930
1971467045
1971484003
1971777938
1972588729
1973650645
1975417368
1975808411
1976124809
1976952339
1977186531
1977821055
1979085171
1979096385
1979308698
1979353516
1980081923
1980731590
1981269088
1981954977
1983524040
1984344009
1984374964
1985032404
1985413616
1985461453
1985717681
1986746383
1986781457
1987192378
1988154334
1989469289
1990640970
1990826332
1991399396
1991560116
1991658681
1992501769
1992808304
1992885739
1993612313
1994688520
1994737425
1994746839
1995735666
1996276323
1997777214
2000560263
2001546446
2001956277
2003192701
2004404646
2005720388
2005878146
2006231273
2007296279
2007348407
2010665892
2011344146
2012153778
2013087245
2014035134
2014261382
2015483407
2015637668
2015783345
2015796607
2015799913
2015911756
2016852558
2017137705
2017666556
2017737426
2018007890
2018303743
2018305914
2018922561
2019770051
2021183133
2022491983
2023013415
2023433320
2023452967
2023996061
2024414932
2024685950
2025163688
2025442538
2026044104
2026119436
2026197461
2026898206
2028119554
2028307812
2028992634
2029343958
2030584009
2033121130
2033134294
2034485939
2034491296
2034776306
2034848795
2035250522
2035680015
2036286022
2038141262
2038478550
2039258509
2039456195
2039650483
2040243746
2040421248
2040844657
2042721605
2043191335
2043673112
2044461242
2045176735
2045443254
2046210122
2046800575
2046953277
2047012028
2047276530
2047375558
2047633363
2047856257
2048720928
2048891656
2049049550
2049331274
2049789982
2049830012
2050201126
2051258676
2051637379
2053957033
2055478456
2055524284
2056443627
2056525469
2056713349
2057057757
2057520404
2058834867
2061621260
2061907517
2062363642
2062577598
2062664318
2062692635
2062857844
2063880279
2064084290
2064181328
2064989420
2066848568
2067041119
2067090744
2067807508
2068597271
2069194437
2070093705
2070194758
2072139236
2072494385
2072593794
2072664849
2072759697
2073218994
2074304999
2075100974
2075355189
2075622101
2075802888
2076141043
2076272165
2076757994
2077035676
2077388627
2077490344
2077894759
2078666334
2078815706
2078827103
2079448936
2079681760
2079909191
2079941201
2080159560
2080186488
2081690643
2082595095
2082645006
2082954638
2083182696
2084860909
2084960197
2085507340
2086281774
2086860815
2087249070
2089138591
2089474298
2091438604
2093739589
2095729219
2096782779
2096782807
2097397785
2097842882
2098227250
2098968793
2100025398
2103445848
2105274676
2105475594
2105640192
2105719186
2106665902
2106723436
2107151799
2107247499
2107891310
2107961743
2108198624
2109766828
2111412590
2111553519
2111781513
2112809856
2113246700
2113566905
2114912305
2115703999
2115794928
2116619036
2116664493
2116675882
2116841740
2117303579
2118991538
2119383362
2121100682
2121627744
2124210956
2125271541
2125988282
2126148812
2126687322
2128295932
2128831750
2129241865
2129847568
2130221329
2130605427
2131288893
2132049276
2132574117
2133559892
2134063962
2135705149
2136275478
2136933956
2137009716
2139210930
2140180297
2141958996
2142831320
2143625672
2143631898
2143638075
2144932108
2144956255
2145764366
2146233736
2147410282
2147539124
2148380354
2148646378
2148998028
2149726846
2149781162
2150932494
2151360999
2151507224
2151941748
2153764857
2155023177
2155262280
2155270878
2155323747
2155579695
2155738692
2155925200
2156515687
2157025208
2158495715
2158778167
2158851512
2159171528
2160315780
2160316760
2160340215
2161939316
2161979246
2162414700
2162706914
2164513452
2164519682
2164633748
2164722304
2166815291
2167503754
2168198119
2168371378
2168376553
2168802500
2168820975
2168923191
2169515968
2169596064
2170255865
2170401181
2171693576
2172223661
2173096303
2173267285
2173870893
2176197909
2176603423
2176933626
2177382575
2178992848
2179131235
2179131967
2181897078
2182435656
2183602102
2185632600
2186200423
2186471552
2186685112
2186840144
2187458160
2188436637
2188823359
2189200859
2189253727
2189533779
2190398168
2190837729
2190909093
2190927504
2191156427
2191169524
2191551425
2192165631
2192208851
2192554449
2192806394
2192871548
2194652439
2196029772
2196090968
2198280436
2198843123
2201103373
2201453682
2201753037
2202656385
2203307818
2204034604
2205594940
2207072743
2207314941
2207482315
2208135074
2209098733
2209120958
2210353672
2210699424
2210763024
2211917302
2212158059
2212401199
2212509292
2213709414
2214465243
2214757370
2214980110
2215738904
2216132191
2216906866
2217189005
2217245387
2217576228
2218542066
2218776827
2219031090
2219487917
2219889331
2219937408
2220270528
2222445530
2223313045
2224239736
2224916505
2225045068
2226084370
2226126330
2226691339
2226741125
2228461239
2228917631
2229830758
2230133493
2230979638
2231263038
2231543408
2232290573
2232934860
2232935240
2233861579
2234174686
2234715002
2235355862
2236523026
2237002454
2237094213
2238001982
2238192681
2239405212
2240030853
2240203180
2240540837
2240755226
2240789477
2241117031
2243257145
2243856897
2243858217
2244684646
2244865785
2245027392
2245242917
2245636725
2246031047
2246176713
2246188240
2247132278
2247801887
2248051470
2248658746
2248881500
2253287162
2253473420
2254210438
2254683011
2255020495
2255366166
2255958993
2256167641
2257119904
2257605541
2257685194
2257746831
2257784373
2257998150
2258038841
2258569000
2258686758
2259641736
2260725418
2260733132
2261385268
2261583595
2262161172
2265327784
2265720626
2266461733
2266920881
2267033314
2269110489
2269955834
2271047844
2271094082
2272312823
2272678663
2272925097
2272998812
2273076096
2273178137
2274644484
2274665534
2274876449
2276583081
2277080755
2277439391
2278910939
2279237347
2279895268
2280749855
2281415522
2283289878
2283712977
2284348696
2287095750
2287487371
2289399741
2292491357
2292946817
2293902671
2294409773
2294766201
2294837606
2295401626
2295628010
2295791066
2296218569
2296593290
2296711127
2296752845
2296863978
2297533597
2298616344
2298810822
2299258926
2300068723
2300688446
2300719884
2300894829
2301049818
2301392885
2302108055
2302338616
2302550511
2303017568
2303080545
2305767188
2307499382
2308832155
2308842946
2309281944
2309324175
2310480259
2311205501
2312066028
2312100614
2312464146
2313006280
2313736267
2313981479
2316377011
2317528198
2318071415
2318408977
2318614781
2318669301
2318943900
2319108849
2319175940
2321666123
2323006373
2323468930
2324383818
2324594330
2324685627
2325087433
2325414740
2325527925
2326745579
2326935712
2327424417
2327927593
2327932144
2328596334
2328611602
2329481891
2329756997
2329810501
2329827430
2329997232
2330895023
2332062541
2332250215
2332250420
2332723170
2333652145
2334024335
2334046056
2334399119
2335308986
2335920963
2343004316
2343175599
2344085461
2344686770
2344818381
2345323690
2345337906
2345770647
2346479477
2346942383
2347127745
2347153154
2347444732
2347638071
2348170136
2348254232
2349228135
2349251905
2350623693
2350997811
2351236558
2351540937
2352012443
2352866330
2352929397
2353018916
2355219822
2355327071
2355759218
2356087502
2356231840
2358035297
2358218953
2358873552
2359005830
2359672581
2360279805
2360646525
2360971485
2361910968
2362835167
2364310334
2366510010
2367020587
2367717448
2370129213
2370345278
2372078790
2372291386
2372504283
2372863648
2373415089
2373658538
2373827035
2374642540
2374648422
2375233420
2375963557
2377051580
2377913166
2379134878
2380370406
2380491186
2380915533
2381241862
2381271108
2382797295
2383469583
2383853049
2385294933
2385544040
2386096728
2386247980
2386540238
2386811444
2388456814
2388512183
2389183120
2389241497
2389718680
2390505416
2391282072
2391973153
2392557828
2393107060
2393377743
2394399876
2394828333
2394903501
2395350122
2396231346
2397079122
2397653071
2397863587
2398126995
2400168782
2403190624
2403261669
2403542508
2403547831
2403726557
2404060110
2404687574
2404954962
2405265567
2405409256
2405880377
2406417094
2407118913
2407340798
2407806746
2410126807
2412079045
2412642537
2413112188
2413684227
2415166554
2416066834
2416602004
2416681635
2417964410
2418495850
2418575168
2418708770
2419722690
2420163782
2421327515
2421690864
2422210536
2422930120
2423472139
2424224495
2424382348
2424484460
2425546552
2425880281
2426100162
2426428840
2427084450
2427129135
2427423885
2428513522
2429278096
2429984091
2430007778
2430017843
2430182332
2430293958
2430411355
2430662662
2431716466
2431922481
2432173277
2432742763
2433685478
2433844081
2434052592
2434117038
2434506255
2434850087
2435182257
2435640978
2437933087
2439029291
2439038647
2439765347
2439981967
2441931192
2442348473
2442907252
2444069253
2444482164
2445142490
2445885271
2446599363
2447263468
2447568966
2452030936
2453570563
2455045758
2455735256
2457070619
2457117288
2457493628
2458694044
2462095377
2463103936
2463646347
2465765897
2465876740
2465893221
2466023516
2467847410
2467918688
2467972860
2468095426
2468427413
2468455491
2468543743
2468574653
2469089337
2469217833
2469800726
2470419669
2470747308
2471127746
2471556265
2472683417
2473582722
2474093338
2474923293
2475055533
2475333938
2477237229
2478172714
2480441924
2480767721
2482094594
2482212738
2482650967
2482759947
2483241262
2484466855
2485093682
2485129596
2485474710
2485638189
2485800383
2486416986
2487185764
2487269499
2487303588
2487480241
2487599663
2488546800
2488827755
2489226952
2489616652
2489948048
2490812252
2491754291
2492267633
2492437639
2492460055
2492682635
2494192780
2494652027
2494703578
2494867623
2495214273
2496018752
2498106160
2498604000
2500589568
2500917733
2500967177
2501197266
2501553104
2503133234
2503954991
2504045004
2504521194
2504564821
2504764349
2504802227
2505001315
2505297333
2505509046
2505626851
2505703176
2506383427
2507550244
2507862751
2508152735
2510431340
2512668973
2512908996
2513092333
2515170967
2515242302
2516366716
2516625770
2518035098
2518532986
2518555456
2519475124
2519603402
2521438676
2521450714
2521856639
2522235183
2522732506
2522898644
2523198113
2523732923
2524138525
2524360307
2525342090
2525548007
2525831041
2526773619
2527062928
2527245163
2527964496
2528216071
2529068048
2529762909
2529782495
2530568372
2530655262
2530655615
2531097137
2532146905
2532772088
2533082322
2535767391
2537771982
2538232503
2538341472
2538436436
2539082580
2539603772
2540710508
2541292037
2542167421
2542536052
2542601535
2543063640
2544131619
2545067318
2545209956
2546392515
2547433680
2547450019
2548678027
2549560483
2550601772
2550604672
2552833945
2553243355
2554215872
2554451315
2555388625
2556083740
2557487856
2557560703
2558899522
2558964687
2559246011
2559653669
2560166996
2560848547
2560978014
2561875510
2562330235
2563498701
2563685009
2564020419
2564501132
2565549458
2567635264
2567782059
2567928849
2568209303
2569027788
2569306788
2569724785
2570455094
2572299208
2572631664
2573009326
2573133009
2573522581
2573920005
2574532328
2574642068
2575303316
2576522790
2577497855
2577593653
2577837584
2578306900
2579614132
2579801670
2580846469
2581148376
2581841349
2582703644
2582955429
2583316797
2583428780
2583516933
2583935208
2584036189
2584936136
2586138483
2587444549
2587542645
2588434213
2588934182
2588950411
2589356009
2590282244
2590610812
2591290759
2592065957
2592340236
2593225810
2593877085
2594057719
2594302253
2595075060
2596147369
2596490278
2596997059
2597158353
2597578984
2597626850
2599781840
2602425478
2602462156
2602968345
2603272488
2603652138
2603942087
2604291892
2606494840
2606670862
2608373109
2608946741
2610072401
2610520906
2612054412
2612610808
2615712359
2616592980
2617361076
2618498576
2622537576
2622865255
2624402175
2624812282
2625632379
2626667724
2627558766
2627794602
2628014779
2628910113
2629354531
2629526214
2630198571
2630745956
2630901595
2631929156
2632373766
2632398367
2633322812
2635234751
2635923931
2636809983
2637025661
2637280927
2638278334
2638524143
2638961237
2639883638
2640003125
2640277950
2641551424
2641837005
2642245541
2643489187
2643573009
2644095775
2644732279
2644794349
2645746867
2645769717
2645970550
2646535600
2647278840
2648011199
2648370099
2648430585
2648922185
2650363025
2650811672
2651888988
2652561066
2653206830
2653328859
2653509856
2654397706
2655418758
2656430215
2656655331
2657120956
2657301041
2657484325
2657502124
2658173146
2658181731
2658186108
2659284042
2659933483
2660611196
2660792779
2661923160
2662192262
2662702774
2663093300
2663137917
2664422740
2664771241
2665485098
2665545906
2665576422
2666131301
2666782991
2667000361
2668314231
2668835117
2669469528
2669544429
2670618252
2670642424
2671028194
2672292550
2673153305
2673378513
2673486262
2675800146
2676064027
2676224409
2676462326
2676481622
2677015448
2677070771
2678042136
2678535326
2678804633
2678833346
2679662853
2680471865
2680641896
2680656841
2680978932
2681347164
2681812909
2681999914
2682441575
2683129118
2683721452
2683780973
2685904933
2686306509
2687396093
2687433688
2689400670
2689512641
2689841170
2690631992
2690817981
2691041950
2691447888
2692310957
2693604022
2693869756
2695491296
2696521199
2697142601
2697265319
2697998258
2698232014
2698508100
2698743876
2700310369
2700407864
2700791449
2700927299
2701480405
2702260705
2704473860
2704519388
2704771640
2705219926
2705974949
2706334854
2707008923
2707126491
2708420701
2708551978
2709934321
2709943430
2709954248
2710408936
2710893742
2711287163
2711500605
2711980620
2712164961
2712381908
2712414117
2713982203
2715586442
2716139541
2716274023
2716574541
2716590397
2717118076
2717422004
2717786026
2717904955
2718526746
2719064095
2719502242
2721550168
2722070415
2722272158
2723072342
2723619589
2723832947
2725510144
2726245656
2726326985
2726722149
2726783358
2728180177
2729430902
2729618251
2730776648
2730854681
2732212143
2733476510
2733604048
2734741155
2735162600
2736075382
2738121517
2738400852
2738453183
2739060866
2739923506
2740251054
2740472293
2740716275
2741257865
2741898853
2741985588
2744631303
2745058699
2745100348
2745649201
2746335902
2746457311
2746465791
2746921873
2747013576
2751252483
2752428366
2752528424
2752824706
2753518383
2754497250
2754598922
2754617743
2755843465
2756282544
2756360681
2756935217
2758286119
2759391222
2759494140
2760445830
2760514167
2762103119
2762904229
2764499587
2764547216
2764608379
2764816743
2766396417
2766666169
2766756054
2768079287
2769323321
2769947767
2770151606
2770264800
2770832723
2771333582
2771623359
2772145082
2773219186
2774831010
2774860062
2775331130
2775955285
2776050146
2776794836
2777693474
2778292768
2779136441
2780415931
2782060295
2782151197
2782369410
2783436632
2783834003
2785867467
2785916370
2786822968
2787198754
2789277348
2790083994
2790843184
2790884670
2790913546
2791244539
2791598727
2792243301
2792812934
2793109983
2793527383
2794622000
2795405915
2796262355
2796447448
2796788383
2797369732
2799370224
2800159094
2800338863
2800905792
2800982289
2801637503
2801948771
2803730226
2804427203
2804727668
2805341059
2806563636
2807055183
2808087299
2808087881
2808417725
2809351142
2810018020
2811897416
2811899158
2812244331
2813234154
2813505372
2813814425
2814041449
2814118972
2814330820
2815182817
2815800756
2817430571
2818514533
2820505412
2820743095
2820798718
2821278685
2821937539
2822421924
2823281925
2823425311
2823652677
2823769074
2824243680
2824447363
2824501021
2825336878
2825722094
2826606538
2826657600
2826871298
2827450104
2829782669
2831127008
2831812498
2831899550
2832625421
2832759499
2833733867
2834498497
2835254473
2835294891
2837806933
2837960810
2838178439
2838251748
2839036338
2839165212
2839382495
2841179491
2842287107
2843397211
2843545381
2843574869
2844766929
2845304307
2845676338
2845947721
2847200891
2847303125
2850085574
2850114620
2850209577
2851165601
2851678475
2851759864
2853166119
2853616488
2853834800
2854319461
2854635286
2854990571
2856699101
2857374139
2858073797
2858616527
2859235060
2859930371
2860065214
2860452131
2862714977
2862986824
2863116696
2863708869
2864630389
2865334992
2865948269
2866076629
2866338574
2867109296
2867137705
2867642771
2869137690
2870194478
2870314609
2870560236
2871320705
2871576830
2872167639
2872741611
2873056794
2875343682
2875964708
2876190066
2877348775
2877521549
2877623594
2877986171
2878597599
2878779411
2879673274
2880665526
2881251523
2881400145
2881689164
2882350956
2882941903
2883017148
2884121022
2884756369
2885592307
2886903861
2887492410
2887713121
2888064129
2889023490
2891011041
2891162739
2891306550
2891733529
2891790889
2893487475
2894002873
2894776281
2895296084
2896213270
2896979723
2896989645
2897780669
2898119384
2898252077
2898734667
2899422689
2901744637
2902272730
2902678510
2903087469
2903214062
2904614727
2904734773
2904978215
2905376362
2905875894
2906516706
2906645796
2907236125
2907381015
2907940389
2908090322
2909622684
2909836630
2909885514
2909913793
2911132602
2911958162
2912941959
2913193688
2914971641
2915008020
2915330867
2916846898
2918510002
2918571228
2919541213
2919631719
2919780473
2920211929
2920943683
2921366094
2921554572
2921991368
2922003521
2924136834
2924516947
2925223833
2925788518
2926274949
2926280746
2926554895
2926696760
2927402409
2927406269
2927412808
2927452535
2927969643
2929247305
2929505326
2930986323
2931808708
2931992026
2932005587
2932721456
2932730333
2933107135
2933817935
2934144974
2935079458
2935761640
2938009788
2938984546
2939925585
2940080881
2940148760
2940370373
2941669639
2942068346
2942435881
2943782468
2944371860
2947933201
2948280506
2949288983
2949504727
2950023361
2950465768
2950815558
2951511062
2952235767
2952437636
2952624773
2953950852
2954005553
2954832427
2955705752
2955786788
2956017564
2956330780
2956478894
2958272657
2958737144
2958806666
2960651925
2960853763
2961171547
2961331932
2963889636
2965299807
2965725994
2965954000
2967435701
2968022157
2969249611
2969332384
2969636960
2969759433
2970145772
2970602609
2970776086
2970794766
2971398274
2973139716
2974153693
2974454730
2974651414
2975020885
2975367745
2975471834
2975488996
2975624514
2975678035
2977246485
2981732083
2982799176
2984124629
2984183776
2984246569
2984507684
2986189881
2986490008
2987744848
2987963624
2988290719
2989360189
2989436085
2990599043
2993546871
2993583521
2993733186
2994195347
2994835021
2995760495
2996259904
2998004487
2998119020
2998194191
2998453779
2999249144
2999509370
3000553208
3001133853
3002177896
3002478368
3004329096
3004892807
3005014131
3005618754
3006750084
3007417385
3007801415
3008302414
3008848187
3010256896
3012944902
3013907403
3014345219
3014728737
3014751416
3015025665
3015178787
3016634929
3016648969
3016944817
3017256163
3017985035
3018110759
3018255259
3018629563
3018668335
3018975866
3019032593
3019614779
3019780696
3019941266
3021736646
3022497661
3023097831
3024514407
3024754122
3025617004
3026660348
3027873523
3028725486
3029101765
3030587148
3031082585
3031204498
3031523881
3032328724
3032510396
3032998694
3033163266
3033734289
3035485498
3036026326
3036715354
3037047834
3037203679
3037392252
3037462005
3037698937
3038269383
3038666002
3040141881
3041867611
3041945576
3043559764
3043981019
3044455787
3045796234
3045913496
3046356101
3046496352
3046990019
3047529137
3048433657
3049135627
3049143897
3049178325
3049537727
3049641320
3051348405
3051608329
3051694060
3052703790
3052783945
3054269674
3054593203
3054748994
3055813277
3056012584
3056243325
3058763765
3060382338
3060696867
3060846296
3060922366
3061222669
3061320653
3061908070
3062218083
3062967164
3063308015
3063434114
3064007296
3064575217
3065212881
3065654803
3066425653
3067263588
3067325636
3069542154
3069638571
3070012673
3070026016
3071608640
3072040766
3073046818
3073191793
3073620121
3073621811
3074279853
3074813589
3075684383
3076508440
3076527770
3076640694
3077589531
3078545982
3079810834
3080772135
3081844044
3083340171
3083573809
3083893338
3083955170
3084419893
3084636697
3084664145
3084892254
3085437945
3086202903
3086659935
3086792970
3086850059
3087393138
3088919404
3088974274
3089102305
3090027608
3090080122
3090231530
3091739178
3091949689
3091952591
3092824189
3092912108
3093138294
3093471483
3093729524
3094735708
3095389607
3095434076
3096854116
3097928264
3098407799
3098728626
3098857829
3099029177
3100381713
3100402086
3100469168
3100508522
3101567084
3102413457
3102635744
3103033090
3103166064
3103188616
3103218039
3103757158
3104662761
3105263774
3105353006
3106964357
3107388938
3107495855
3108007929
3108413035
3108478878
3108690777
3109189019
3109798420
3109946442
3110731019
3111055621
3112438700
3113305592
3114650738
3115044933
3115092143
3115265680
3116656686
3116765540
3117582964
3117931801
3118661113
3118776543
3120071796
3120500551
3121585398
3121794802
3122767241
3123820365
3123905312
3123906062
3126221840
3126911215
3127356146
3127427458
3128519379
3128551818
3128873652
3129351048
3129934812
3129936712
3131674781
3132951163
3135423724
3135761573
3136648174
3137553994
3138053126
3138281118
3138870883
3140082302
3142105386
3142238455
3142519063
3143138907
3144425890
3144511646
3145190742
3145231689
3145826374
3146165802
3148953197
3148995071
3149627077
3150325991
3151228023
3151362481
3151502394
3152650148
3152733690
3153197801
3153957372
3156640889
3156937010
3157063586
3157289429
3157664335
3158046655
3158449039
3158730831
3159603849
3159895198
3160538333
3161261605
3162009384
3162132387
3162147222
3162448711
3162681605
3163246657
3163335409
3164085708
3165107062
3165291071
3166283456
3166522227
3166864865
3167790231
3167791707
3168563251
3168914492
3168946757
3171243537
3171478821
3171601795
3171610734
3173843939
3174182803
3174207760
3174368212
3174464147
3174538929
3174638422
3175385338
3175415815
3175910714
3175913939
3175917843
3176872332
3177403706
3177710940
3178445588
3179652473
3180050168
3180177435
3181250515
3182824921
3182858662
3183269699
3183616867
3183850834
3185308541
3186756302
3187867623
3188419299
3188479235
3188924501
3189537935
3189632377
3191179529
3192566321
3193335807
3193458741
3195162462
3195188666
3195925137
3197622263
3197850207
3198647973
3199490978
3199558340
3199667923
3199825284
3199907842
3200045171
3200692931
3201026940
3201332655
3201483854
3202056231
3202856919
3203578912
3204774575
3205402138
3207184309
3208113844
3210173637
3210440024
3210697198
3211484822
3212663055
3213427425
3213923588
3214158637
3214780403
3216004280
3216212352
3216642056
3216839213
3216839968
3216858744
3218437251
3220150655
3220195547
3220348949
3220970732
3221056438
3221523136
3221754606
3221932520
3222230053
3222384774
3223111133
3223306689
3223830670
3223880689
3224713652
3225025712
3225290405
3225656985
3226200103
3226252993
3226268550
3226489777
3227038381
3227216755
3227741719
3228482378
3229028352
3231329102
3232797299
3234279578
3234293338
3234312757
3234613910
3235310185
3235967152
3236061595
3236265764
3237396620
3237535440
3237588109
3237644623
3237764324
3238377862
3238757022
3239675060
3240320247
3241785828
3241978783
3242222754
3243519081
3243679068
3244244284
3244863811
3245011658
3245682833
3245958864
3245988908
3246313362
3248513950
3249645913
3250217834
3250771702
3252097689
3252595369
3253330321
3253874895
3256430364
3257760007
3259673899
3259945236
3260387341
3260478254
3260770308
3260971906
3261356337
3262283725
3262364715
3262422857
3263047168
3263275154
3264299464
3264443354
3264464059
3265410509
3265470501
3265822261
3266573534
3267539585
3267567755
3267732119
3267816930
3267849432
3268032898
3268548305
3269270548
3269699825
3269754614
3269756714
3269987453
3270415634
3271277574
3272339754
3272455724
3273148343
3273277776
3273662064
3274121386
3274424550
3274870239
3275137491
3275990989
3276190075
3276757715
3277128467
3277394609
3277458490
3278032286
3278698248
3279280811
3279814373
3280633824
3280714421
3280776187
3280972308
3281093133
3281208512
3281395395
3281556561
3281619182
3282123758
3282240413
3283310997
3283542066
3283742030
3283939307
3284145074
3284591192
3286115453
3286682596
3286988021
3287682057
3288452562
3288544305
3288563167
3289067339
3290228162
3290741035
3291215843
3291557761
3291620547
3291817575
3293575247
3293829706
3294443962
3294550583
3294664862
3295320091
3296004424
3296670987
3297136304
3297666112
3297835085
3297886884
3299811741
3299962555
3300197719
3300259790
3300282517
3300376339
3300763913
3301016703
3303644405
3303942772
3303998559
3304464470
3306374624
3306694682
3306809050
3307705570
3307985619
3308163577
3310420597
3310994254
3311297605
3312814928
3313467291
3314684538
3315508254
3315543090
3316910745
3318450911
3318559360
3318994908
3320682155
3321056085
3322317238
3322549609
3322998375
3323528559
3323659861
3324159800
3324248565
3324966834
3326274296
3326734275
3326814779
3327083253
3327954977
3327998586
3329010449
3329191670
3329914352
3331884942
3333623562
3333728632
3333801100
3334023425
3335313488
3335912734
3337251405
3338013247
3340753388
3340793812
3340896357
3341300096
3341659189
3342473372
3343842591
3343914249
3344578553
3344592368
3344629894
3346217337
3346366000
3346946812
3347508021
3347676416
3348332690
3348469815
3348643064
3349071956
3349446192
3350002441
3350289055
3350455011
3350761852
3351199948
3352431533
3353204012
3354214992
3354788071
3354845195
3354910498
3355034017
3356466897
3356685155
3356922760
3359156167
3359191667
3359958747
3360573027
3360684322
3360699369
3361570559
3361781304
3362694739
3362788793
3364095547
3367296717
3368490862
3368676241
3369984481
3371219647
3371630937
3372139106
3374398008
3375298660
3376011297
3376706415
3376855382
3378760427
3379922464
3380410953
3380468514
3382253743
3382698429
3384409883
3385496914
3385914218
3386783933
3387113167
3387862359
3389915007
3390461718
3393169872
3393993708
3396728375
3397317721
3398915756
3400031170
3402085650
3402930852
3403569151
3405569367
3406117144
3407473551
3407774989
3408882284
3409221034
3409598469
3410118242
3410420045
3410463590
3410990140
3411503127
3411938586
3412288947
3413551570
3413903366
3414253544
3415037281
3417452758
3417702068
3417815167
3417838455
3417951328
3419326773
3419399118
3420727834
3421813990
3422629122
3423016172
3423564620
3423632204
3424191958
3424529642
3424889477
3425292519
3425352223
3426617867
3426733778
3427326103
3427752407
3428219747
3428984920
3430060262
3430434727
3430809948
3431509259
3432113346
3432213191
3432319872
3433563057
3433567683
3434315812
3435606828
3435793512
3436051960
3436535851
3437055333
3437199799
3437587886
3438263622
3438272525
3438904109
3441128484
3441132275
3441356652
3441992655
3442570566
3442805520
3443332530
3444131540
3444621858
3445016738
3445028369
3445225035
3445488309
3446215256
3446622505
3447261755
3448908517
3449324129
3450547706
3451188858
3452261592
3452356627
3453117636
3453693037
3453846572
3453899210
3455221933
3456191454
3456972164
3458177326
3458277125
3458667307
3458941091
3459171882
3459171963
3461778816
3462110626
3462953558
3463173404
3464354288
3465551646
3465869905
3465919955
3465924575
3466014018
3466290932
3467283141
3469434845
3472165157
3472556687
3472929450
3474206952
3475320056
3475435612
3476043515
3476413055
3477278148
3477403810
3477714933
3478210855
3478555632
3478668593
3478864826
3479445881
3479989290
3480944278
3481053302
3482460264
3482924397
3483377418
3483477059
3483483083
3484018831
3484361638
3485245591
3485688438
3486489759
3486645114
3487157401
3488221407
3488539589
3489695165
3490002170
3491545373
3492100545
3492446884
3492628837
3492684171
3493164886
3493205210
3494077834
3494080154
3494084082
3494132983
3494713265
3494757395
3494944453
3495441072
3497945634
3498551491
3498769208
3499184457
3499322510
3499381482
3499758853
3500215700
3500251392
3500724313
3501225497
3502731171
3503235129
3505913523
3506013922
3506411818
3506904868
3507437055
3507612941
3508615864
3509068241
3509575179
3509702082
3513070772
3513710647
3514106063
3514257299
3514609585
3515225816
3516173449
3517446727
3517582936
3517750327
3517753998
3517997799
3518107101
3519866665
3520093710
3520177586
3520407706
3520780185
3521029026
3521599648
3521762445
3521875613
3522078527
3522158339
3523398634
3524156434
3525808146
3526321391
3527543429
3527641765
3529132166
3529852492
3530459490
3530690049
3532670600
3533039407
3533336785
3534343613
3536238283
3536826043
3537010024
3538017919
3538831194
3539300120
3539554596
3540326891
3540525421
3541158725
3542380501
3542553485
3543155077
3543566196
3543798737
3544235156
3546169236
3546852211
3547362770
3547368009
3547429549
3547542632
3550730405
3552599338
3553403387
3553740817
3553939333
3553996021
3554847153
3555236346
3555737397
3555940334
3556005160
3556145022
3558175843
3558562330
3558752723
3559741821
3559771688
3559800873
3560643708
3560889505
3563596444
3564887888
3565092573
3565193307
3567831627
3568060322
3568319387
3569563466
3569802075
3569945337
3571781151
3571944199
3571967029
3572049385
3572449979
3573595678
3573607799
3573958978
3574225910
3574433289
3574576690
3574621095
3574731388
3574971425
3576877629
3576879898
3578342031
3578572754
3578947730
3582526782
3584665860
3585154826
3586031670
3587997764
3588012215
3588197190
3588326480
3588487610
3588578829
3591284350
3591465122
3592942057
3593956095
3595704150
3596262026
3596576313
3596807996
3598094453
3599385245
3599560989
3599784681
3599991062
3600020542
3600598513
3602884545
3603182907
3603415192
3605069520
3605363626
3606293715
3606368010
3607443799
3609049019
3609135148
3609398753
3609864168
3609997576
3610404828
3610444732
3610634187
3610963733
3611219064
3611232331
3611521910
3612098424
3612218823
3612280662
3612925276
3613243262
3614129444
3615752284
3616055088
3616820001
3617072557
3617415129
3617717855
3618135654
3619534374
3619883524
3620640724
3620748998
3621249810
3621786476
3622636365
3624083426
3624535521
3625258749
3625693695
3627783818
3629572226
3629878197
3631042329
3631407318
3631663074
3631920882
3632177128
3632404313
3632582008
3634339559
3634551347
3634911681
3635709631
3637134307
3637188262
3637567477
3637618604
3637758913
3638122489
3638988028
3640802622
3641643905
3643203890
3643393486
3645057335
3645912953
3646907117
3647173130
3647385237
3647916346
3648611182
3648625780
3649587843
3649595925
3649879317
3650062000
3650873721
3653640836
3654004554
3654194747
3654259166
3654883623
3655667413
3656509615
3656557618
3658297634
3658393269
3658637585
3658861529
3659513795
3660415304
3660998864
3661473742
3661580108
3663394882
3663396644
3664387912
3664600263
3664620144
3665007976
3665213039
3665216418
3665885911
3667163618
3667168258
3667641494
3668083255
3668510690
3668841064
3669367875
3669447377
3670608180
3671073006
3671403235
3673114190
3673872734
3674584535
3674594775
3676123939
3677559671
3677711966
3681234668
3681526905
3681613409
3682101824
3682119979
3683022367
3683205985
3683674915
3685095816
3685310065
3686141834
3686322864
3687129780
3687843451
3689391689
3690246466
3690701518
3690719840
3691820603
3692431140
3692844535
3694318290
3694408087
3694472841
3694814258
3695009313
3696640063
3697801250
3698764401
3699887400
3700882916
3701227435
3703120400
3703389739
3703465719
3703641295
3703912990
3706041553
3707457478
3707876543
3708915118
3709328598
3710011080
3712454585
3712713080
3712971408
3713618373
3713848201
3715256849
3716217670
3718914600
3719947832
3720355284
3720732505
3721804067
3721997169
3722588843
3723037431
3723719098
3725275076
3725278569
3726280552
3726672503
3727837360
3728889674
3730738194
3731532522
3731941686
3734232477
3734323702
3734776258
3735481167
3735932723
3735994073
3736523327
3737038886
3738693894
3739018031
3739448221
3739657243
3740105426
3740812726
3741793764
3742785363
3743359441
3743756141
3744570620
3744861645
3746825444
3747084412
3747204793
3747885771
3748273918
3748279652
3748760555
3748906204
3750888764
3751189900
3751552030
3751590480
3752845255
3753065536
3753754282
3754934345
3755038392
3755731072
3756276298
3757336786
3757879999
3759900893
3760738622
3760864473
3760890304
3761477633
3762516368
3763229444
3763962394
3764764810
3765249773
3765558376
3766047132
3766720263
3767021418
3767736702
3768283957
3768371782
3768391230
3768742222
3769696949
3770519194
3773096379
3773170801
3773473974
3773956312
3773981201
3774112352
3774296059
3774444644
3774564218
3776375679
3776577380
3777630721
3778255066
3778824091
3779153213
3779610957
3779617862
3779812058
3779960349
3780088647
3780176795
3781327597
3782386758
3783819361
3785011649
3785889095
3786885801
3788799769
3789451998
3789487328
3789701411
3789912586
3790142491
3790354451
3791015604
3791593242
3792464929
3792603096
3793233057
3793358351
3795083275
3795369764
3795653251
3795935462
3796259837
3797584161
3799490839
3800038450
3800152706
3800345813
3800627275
3800696977
3800741333
3801189911
3801265074
3802318547
3803155963
3803555538
3803806021
3803999793
3805422119
3805467661
3805813576
3806140099
3809224124
3809753619
3809864004
3811132438
3811248737
3812364568
3812537845
3812673416
3813149758
3813613304
3814010865
3814370644
3814418561
3815801716
3816554431
3818085413
3819275430
3819406489
3820167148
3820533504
3821265045
3821267022
3821671694
3822144184
3823205949
3823253718
3823547454
3823846541
3824333963
3824742516
3825044499
3825635563
3825991642
3826940681
3827735417
3827751244
3827839897
3827868709
3827996239
3828974549
3829417022
3829418598
3830375810
3831180076
3831558344
3831684528
3831957654
3832068137
3832518826
3832833246
3832956982
3832974879
3833002143
3834380240
3834713055
3834818756
3834978559
3835221889
3835241345
3836549775
3837560752
3837800159
3838370807
3838619300
3839233100
3840559914
3841629830
3841923072
3842621133
3843075886
3843193814
3843683131
3845466192
3845963178
3846042604
3846121733
3846203373
3846561282
3846671119
3847928093
3848160030
3849325856
3849643983
3849886801
3850428588
3852144039
3853291250
3853357055
3853794511
3854374239
3854420000
3855573279
3856969063
3857312153
3857340210
3857383756
3857593439
3858612293
3859106167
3859389249
3861086427
3861210296
3864308532
3864357106
3864608288
3866625451
3866846218
3867023937
3867661366
3867866678
3867899726
3869339606
3869414086
3869485642
3869885034
3870962477
3871456515
3871598378
3871695117
3872261086
3872401383
3872478674
3873476985
3873881330
3874471355
3875948653
3876483125
3878570657
3878742992
3879045021
3880735039
3881563386
3881880729
3882564674
3883909489
3883995368
3885229567
3885661430
3885826424
3886043226
3886985240
3887486633
3887516706
3888355940
3889012855
3890092200
3890455273
3890756867
3890879736
3891419371
3892672356
3894484268
3894801198
3894845813
3895991171
3896082705
3897089388
3897116383
3897804968
3898056277
3898884452
3899312057
3899357000
3899868540
3899962293
3900780480
3902541563
3902759463
3902987909
3904639947
3905335944
3905731292
3906943613
3909234512
3910055839
3910208136
3910582280
3910949255
3911023499
3912589058
3912863554
3913650095
3914785013
3914861150
3915021175
3915117859
3916879876
3917742959
3919095177
3919326814
3919700967
3920217007
3922060770
3922078026
3922173381
3922671508
3923182431
3923414755
3924351284
3924711333
3925353945
3925850876
3926307529
3926806541
3927069117
3927940670
3928300347
3928398974
3928417684
3928478846
3928756969
3929152045
3929750564
3930738914
3931445274
3931603408
3932515472
3933485164
3933565503
3933660137
3934584152
3934788575
3935022482
3935804376
3936129963
3936874892
3936907085
3937723271
3937801299
3938648593
3939125544
3939913609
3940548277
3942133046
3942327664
3942404751
3943635095
3946076410
3946370923
3946878061
3947206353
3948509977
3948996352
3949049088
3950228758
3951695431
3952098168
3952481182
3952520578
3952537205
3955870952
3956043666
3956198302
3956435667
3956626590
3958011143
3958445543
3958765980
3958816419
3958975486
3959126255
3959567980
3959807590
3959846895
3960766153
3961882855
3962115891
3962517776
3963516681
3964525527
3964684597
3964991000
3965962637
3966498839
3967383856
3967928870
3968385218
3969400759
3969407398
3970303892
3970624671
3970771395
3971793532
3972360460
3972471715
3972669248
3972880613
3973247189
3974692813
3976949776
3977998003
3979371824
3979810852
3980310254
3981767334
3981902986
3982334685
3982561993
3983101352
3983116285
3983193754
3983842583
3983938646
3988854083
3988884472
3988920691
3989239313
3989743212
3990901608
3991067767
3991109717
3991515498
3991662724
3992524987
3993571538
3994605970
3996386287
3997386361
3998061204
3998492813
3999499420
4001260108
4001685197
4002289473
4002823462
4003029788
4003725532
4005323902
4005350289
4006332479
4006345608
4006511311
4008053132
4008356576
4008794284
4009719424
4010761013
4011540478
4012224889
4012517592
4013055264
4013177402
4013248972
4013583027
4015186892
4016093673
4016967326
4017650970
4017940907
4019030819
4020016983
4020118963
4020943877
4024159236
4024804384
4025171527
4025172625
4025227057
4026545450
4027279495
4027498316
4029145426
4029470733
4029681660
4029876997
4030036856
4030915914
4032637693
4032873268
4033576830
4033908992
4036087025
4036349283
4037039763
4037070557
4038699899
4038876467
4039707928
4040310405
4041514807
4041800612
4042218458
4042506355
4042652899
4042851539
4042856203
4043407078
4044375647
4044889171
4045397998
4045466269
4047093162
4048269688
4048708475
4048731484
4049892594
4053613130
4053984121
4054139273
4055386746
4055642616
4055818984
4055957758
4057576642
4057871309
4058524162
4058849340
4058913061
4059242237
4059329208
4059533574
4059780871
4060826725
4063016215
4063388208
4063538030
4063681578
4063829379
4063930345
4064499127
4064750231
4064911043
4065046218
4066081324
4066234396
4066631163
4066719547
4068688028
4069018316
4069160717
4069306858
4069909025
4071556142
4072058843
4072340888
4073319520
4074041178
4075552377
4075767861
4076408781
4076767052
4077211068
4077951479
4078672355
4079079578
4079272398
4079916421
4079927499
4080578345
4081093763
4083261747
4083335241
4083688652
4083929793
4086012797
4086135370
4086223095
4086564318
4087193429
4088579015
4089509978
4089871680
4090169590
4090558241
4091594134
4092241019
4092700832
4093682877
4094539425
4095289359
4095480769
4098045829
4098375445
4100210151
4100245040
4101365369
4101392038
4101516666
4101710755
4101979632
4102288741
4102552278
4103522866
4103771199
4103906350
4104026091
4104585739
4106528898
4106577520
4107583140
4108253176
4109075506
4109107321
4110393227
4110406764
4111115393
4111370058
4111810285
4112197680
4113981613
4115759082
4117250909
4117397674
4118043912
4118640209
4119921508
4120041332
4120460351
4120635789
4121915386
4123191421
4123842297
4125028404
4125833282
4126071402
4126106831
4126114479
4126674618
4127902287
4127984339
4128740304
4130653034
4131088540
4131836370
4134583221
4134930306
4135120375
4135857259
4135949848
4138207013
4138531991
4139510236
4140505785
4141985230
4143155342
4143254381
4143586901
4143650651
4144361951
4144885037
4145031976
4145529275
4145582792
4145608040
4145978650
4146097709
4146215415
4146338464
4146633962
4147158841
4148604799
4149861973
4151232889
4152678997
4153319931
4154019968
4154742282
4157582978
4157916537
4158523586
4158637279
4158799598
4158852122
4159431288
4159862682
4159911213
4161647958
4162535950
4162649002
4162767909
4163713900
4163850978
4164396629
4166887211
4167144188
4168583849
4169613675
4169798619
4169845748
4170340039
4170509056
4172712239
4172795804
4172917304
4172993073
4173331762
4174512488
4174724426
4175705601
4175904004
4176274994
4177080624
4177997145
4179444615
4179533256
4179952989
4179966148
4180846216
4180959087
4180971528
4181103305
4182140385
4182159361
4182465587
4182851944
4183014853
4183135659
4183608289
4183761491
4183957037
4184875887
4185688821
4187052177
4187109150
4187209364
4188066486
4189247395
4189444126
4189637958
4190587550
4191742924
4193125253
4193300507
4193731538
4193861778
4194000736
4194483496
4194608664
4195212983
4196539053
4196722984
4196892486
4197288656
4198416343
4198932382
4199029456
4199117276
4199392445
4200330560
4201133843
4201266692
4201345947
4201433778
4201602773
4202083547
4202617358
4203007227
4203976014
4204220494
4204293494
4204545683
4205062350
4206486492
4207122295
4207130800
4207376763
4207699678
4208429132
4210717977
4211428580
4212259592
4212346907
4212545919
4212610334
4212999582
4213158305
4213274648
4214302882
4214533566
4215308060
4215394195
4215943660
4216384712
4217494961
4217792039
4218133950
4218557229
4218751586
4219821804
4220485355
4221834799
4222699826
4222841300
4223796590
4224237384
4224255073
4225346295
4225424531
4225526288
4226362103
4227340925
4227602641
4227682526
4227892654
4229260872
4232375728
4232811583
4233310823
4233894450
4234118082
4234861299
4235940891
4236400734
4238341464
4239315707
4239343926
4239628616
4239680156
4239815344
4240578412
4242148254
4242372367
4243028649
4243477614
4244191046
4244326507
4244454550
4244578881
4248006410
4248466547
4248690024
4248976312
4250576064
4250576679
4252475664
4252914043
4253702882
4253998058
4254853037
4254856425
4255466929
4257187757
4257875315
4257917072
4258917868
4259086249
4259147659
4259322520
4259466652
4259710850
4259955858
4261188145
4261653363
4262622371
4263694685
4264008042
4265387128
4265413563
4265887194
4267533351
4267928069
4268419565
4269147653
4269464665
4269773977
4270707660
4270766087
4271537278
4271588738
4273153678
4273172504
4273387930
4274001272
4274522764
4275341960
4275755957
4276673574
4276924299
4277386502
4278085275
4278270369
4278286003
4278550569
4279061522
4279493868
4279611414
4280297842
4281177853
4281525468
4282238942
4282530724
4282628171
4282917984
4283220970
4284502459
4286453319
4287557663
4287959407
4288644070
4289069495
4289159456
4289958529
4290570981
4291156847
4291592832
4292378158
4292869218
4293583603
4294389865
4294917973
