959471
14496332
25668432
29283336
29585792
30968826
31813221
37518833
47389389
58348521
62652189
63624657
68264037
78416665
79772427
90849892
91004373
95929883
96562089
106373001
127146042
139858403
141134527
141919289
159098173
163315769
170613971
172150148
193856989
200409426
207630279
208855552
212364049
216060216
217063054
224340367
225616221
229727624
235307488
237318609
242411418
243239335
256184740
269358682
277486162
280595878
281273196
283299717
298725389
299219251
301182736
304884205
308788111
311107625
319218335
327694547
329757569
330995347
342008579
347499465
347799816
349330992
354126061
366585794
370623605
374589663
376068131
385145678
387419415
387594595
412299680
422141361
425254235
427842485
433698762
434078542
437591727
447189732
450164059
450860421
454885236
457029066
457344577
459174480
466932784
470239229
482630839
488277561
501309687
504814406
519898066
522453245
530369979
530833762
535599917
543405210
553991474
556437866
558362335
568023452
569459205
571842363
577300402
578023775
580703174
584892147
586442551
588627239
590039112
590397461
596010615
597131436
600424999
601717216
607993346
615088575
618166991
621422871
622497046
626063735
627963384
629896135
631622646
632297294
632738584
646848648
655339104
659914653
661005122
664447299
664863645
667470849
670844192
671300832
672557160
683700783
684194721
690828640
695453945
699989082
704172215
704728003
711824390
721100143
722849420
724602273
728855139
729538921
730059083
742530266
744022752
760548766
768076634
778689050
784582193
784923679
811668731
821813065
826971791
831869199
837802538
838580075
840762695
842316880
850930648
857271930
874237762
875414188
875798849
877161673
877232648
879738261
886800817
895118173
901769755
903291147
904927274
905208929
909519716
922142061
928160910
930504893
934880763
941062041
948506017
952594588
953677435
957096648
963423364
971774095
972737766
979647865
979709588
980977789
982030479
983483951
994401964
996263331
1011488285
1012376963
1014266254
1015479278
1020079957
1022334706
1025236573
1025284132
1033060739
1039665278
1039854831
1040791163
1049869459
1051532060
1055784201
1059391499
1060402495
1060733908
1070146850
1071348898
1077933688
1081648483
1091962314
1097462349
1106674208
1109209478
1111002469
1115832849
1120374128
1121696956
1123048652
1123292153
1133025594
1133483906
1135746739
1136713764
1142716460
1145420105
1147539373
1160981246
1164432475
1165191622
1171923869
1173904672
1177935826
1183881044
1196473740
1198886120
1205124271
1205817918
1205942177
1208724547
1222333838
1222916789
1225099578
1229272786
1229577136
1234916238
1235683428
1236307270
1236889256
1239209075
1241618315
1241713759
1246466453
1250058578
1250059479
1251421411
1253036267
1254064841
1256978914
1259377127
1259515567
1261665584
1265964408
1267669113
1271238841
1275797581
1276476637
1281129461
1282052222
1284976337
1292857606
1297391359
1306900593
1309210634
1314016360
1315262009
1315888307
1319247094
1328063263
1329924104
1330119196
1337437168
1342767581
1346128995
1349483609
1354631869
1359685092
1363484644
1364144167
1370673817
1371381032
1372348894
1380024315
1380730311
1380951811
1385007653
1388329559
1402129615
1408641279
1408866598
1411341394
1427050650
1438544154
1442155490
1451632515
1453809000
1454656895
1469473560
1469898123
1471494821
1474249241
1480396581
1481152478
1483668190
1486403862
1491866870
1515669081
1516695122
1537716849
1539270442
1539926125
1540731521
1543128454
1544922785
1546255010
1547939055
1550006286
1551247275
1556783450
1563057399
1570047975
1570249270
1577945746
1578319426
1588995435
1591073049
1599304550
1601753732
1602955111
1604840002
1607238350
1607535050
1609504318
1611313762
1618807269
1627834859
1630625550
1630711178
1639916510
1641668410
1643238187
1649617315
1653347914
1663533604
1665467649
1668303775
1669075128
1673752503
1683861813
1686556911
1687155763
1691138523
1700887646
1701273103
1716710646
1719623108
1725671603
1743371827
1745118378
1763904619
1765055581
1779850964
1780109613
1783410698
1787217695
1797966525
1798562839
1802983922
1812049374
1815084816
1817237050
1819508222
1820042811
1830792500
1830800484
1834014336
1847939395
1851715769
1853626236
1865948744
1869609817
1875778241
1877410325
1879968791
1879984963
1885502331
1886812912
1888965455
1890601239
1892499244
1898115906
1898124781
1899546276
1906558324
1912854412
1914650466
1915410365
1923898913
1925640895
1929669201
1935304147
1935728778
1940665343
1947306868
1949023365
1956529334
1961812541
1963368202
1969861078
1970420247
1972052151
1974567865
1975761103
1979594463
1981579325
1986155240
1987404119
1998695124
2010732423
2011737945
2016992543
2023112902
2029769063
2030390341
2030800177
2034097905
2040592674
2040919179
2041668797
2047832563
2049507539
2049627686
2049676016
2059200724
2059921496
2067546022
2071631483
2077704849
2078864281
2097311561
2102456990
2104207290
2104566871
2113099984
2124002957
2125834380
2126651828
2128943733
2131920387
2132221153
2134673423
2134916497
2141639901
2143989551
2145749063
2152442953
2156804274
2161366085
2161535601
2166002442
2166966069
2182244070
2183587699
2191671554
2192821652
2194047942
2200769883
2215326152
2216510718
2220694067
2221895969
2229770474
2230763680
2232497554
2235523362
2246659484
2250094297
2252553511
2262626984
2265253932
2267478231
2267883451
2272034335
2272197830
2277841976
2278272295
2284180264
2289785844
2292258879
2293863182
2298513599
2300035518
2305757500
2307756220
2308318769
2308994380
2310802171
2336357630
2344165659
2357183743
2363905856
2370598710
2370831624
2375650033
2380395368
2386693666
2393436996
2394024320
2402495591
2408442050
2410932568
2413224372
2423086724
2424483014
2425344444
2426476894
2426493493
2432584577
2437050496
2437970628
2439684745
2444151814
2454884211
2458697662
2459142396
2460094093
2460437783
2460562974
2464366252
2475181045
2475492144
2480245636
2481138867
2484079848
2487228337
2490099363
2500257172
2504617006
2504806478
2506692238
2507715965
2511085825
2514855758
2524911408
2534786099
2547003393
2548094528
2549237201
2550966131
2557420860
2557953754
2571429573
2579018347
2579680081
2580766562
2590168013
2599935053
2603315746
2606110956
2606561681
2623579183
2631047710
2635721260
2637109497
2638209676
2645506214
2646474193
2661861977
2674421379
2677195100
2686612974
2690702401
2700049055
2700124977
2700968874
2705668373
2711017337
2716083128
2716559384
2716961054
2736597598
2741064222
2742765478
2747518221
2762243014
2765592311
2769102767
2775129669
2787170542
2791383119
2791553000
2791708294
2795890608
2796992204
2801840075
2808134844
2824928131
2826912452
2827220857
2827842769
2832280012
2835218103
2838960929
2839736962
2841741273
2845466320
2850289881
2852043148
2853672788
2857701979
2860415035
2867698410
2869233908
2875612606
2878239947
2886007433
2886370779
2888126884
2897235389
2899405981
2899955794
2901748263
2907643435
2912437722
2916117693
2920306167
2920953251
2923638079
2925460731
2926631978
2927607831
2927849263
2929351507
2948986641
2950526642
2966997078
2971574251
2972378789
2976276135
2980593689
2995824052
3000993585
3007609695
3011427597
3011546302
3019252436
3024348710
3026863185
3052461241
3063855792
3063879754
3065475888
3066519880
3066958457
3067114851
3068669121
3069304597
3078239204
3082837674
3083094952
3094968614
3096510198
3100539469
3105512589
3106043384
3110627183
3111118725
3114149181
3115371379
3121221027
3121389099
3123327380
3128757362
3130211732
3133982954
3135650205
3136706274
3152673212
3153744251
3160493834
3161461315
3162604050
3164492490
3165328799
3168349028
3168705444
3172671913
3172984023
3173379488
3173432316
3184221273
3184533673
3189166403
3189427963
3191319878
3195374746
3196829747
3196839879
3198294317
3199732742
3200407078
3203424598
3203460818
3208744704
3212145489
3220583119
3225038787
3225084222
3229158400
3235399906
3237783294
3238706372
3240143516
3246211657
3248461773
3251878358
3253462644
3259838389
3262006594
3274729509
3277527309
3282271304
3294302496
3298902414
3299670636
3305507222
3305749873
3309634505
3310579499
3312332779
3313460280
3313946729
3319034166
3319566153
3325909925
3327961825
3328304031
3332175277
3339646824
3344403376
3350285704
3352652624
3356573024
3357588399
3361725743
3369670251
3376110337
3380364291
3380607946
3383022914
3384998538
3385783192
3386823897
3392847453
3397918472
3399044335
3399123794
3399125734
3406782990
3406968952
3413259817
3417182120
3421673308
3428430260
3433597447
3435342196
3439477139
3442754233
3454466470
3456859491
3459720607
3468725125
3469259473
3470018776
3485829220
3498205418
3501482383
3503583408
3504825796
3505427099
3505633795
3512959968
3514465664
3516571212
3532280964
3532765214
3537154616
3541807629
3542307966
3542367875
3547696294
3551932158
3555771091
3558541839
3564388207
3564483710
3565557191
3569552490
3569693066
3571164421
3574575359
3578457460
3581413180
3583226798
3583303462
3598666198
3601135718
3602308650
3608638197
3609133638
3611072760
3612477299
3613251747
3620153204
3624249407
3624781661
3625574338
3629058721
3629937489
3634170288
3635025095
3635775879
3636481113
3638874009
3639064643
3645150955
3647542512
3653883763
3665399331
3665546221
3670908726
3675679254
3676646136
3681330156
3682161351
3684135503
3685594584
3698727077
3699451628
3703398744
3705053997
3710200864
3710565906
3711439401
3715647297
3717428209
3718545704
3725101655
3725681690
3727655070
3732781280
3733804651
3741384721
3745612933
3749297212
3756038962
3762394062
3780600258
3781760798
3787137187
3789883817
3797271130
3802398758
3803206946
3807900311
3811831640
3825310493
3831113877
3831422700
3834832863
3837740082
3845520480
3858312604
3861584107
3867198924
3867400974
3870960464
3876307551
3876444190
3880751401
3885566376
3886102978
3888833117
3898319315
3902569150
3907289292
3909065893
3915603016
3923398441
3923955660
3926803482
3932118546
3935409014
3938881608
3940655144
3955031021
3962003094
3967395931
3968290261
3969124290
3972051412
3974901050
3975063349
3988585258
3994122017
3997581084
3999047027
3999722727
4002029885
4002670206
4006958296
4010918344
4011820852
4015539327
4016401324
4025683716
4026500763
4027034930
4032036925
4034711764
4036487970
4040773972
4044643440
4044798931
4044922160
4053232275
4055894373
4060941812
4072744745
4075252969
4077813588
4081892433
4089380528
4090706978
4099121433
4099827227
4102124552
4103084912
4105476491
4106077945
4106240302
4110455131
4113752439
4125733879
4126040924
4130736553
4141516219
4145144982
4152365260
4154937037
4158914212
4162844984
4170397525
4172685202
4174555017
4177016243
4185633693
4191233962
4197629075
4202311665
4209953260
4218599088
4225780772
4233160110
4235021767
4246972894
4251737132
4258483007
4258547953
4259288693
4259949878
4260061306
4266614363
4271135268
4277594576
4285475713
4287748508
4288262530
4291055138
4291339025
