272067
3499673
4417526
4590957
7127722
14808018
15545161
20143609
21103305
21507906
22741035
24994436
26740123
28274009
28349204
31265832
31556598
36532922
38996308
41138617
43150252
44356702
44677943
47958268
51229555
54409785
55117974
58580687
62710752
63608545
64363264
68000897
70550135
70912206
72292850
72642025
72782715
76097042
80592743
85912822
88882509
90170781
91680465
92576857
97351740
98087045
100537744
102953597
107124264
112012650
113278144
113953862
118309235
118910238
119719775
121436853
122342044
123055414
124236709
124757484
124941614
125371417
125426612
128525728
129450466
132115103
134265624
145131527
145896445
146388255
146647072
147243739
150090611
150892194
151267739
151269671
154950598
155926185
157557070
159373989
161077223
163867512
164099287
164991458
165842243
166447135
167711158
167777924
169136156
169388902
169436953
169565980
176662658
179725825
184394565
184481608
189049545
190657374
193044323
197366017
198277649
201285324
201991944
202088691
206168262
209539490
211777655
212810204
213330621
213607679
213726786
215650557
219581972
220950001
225094922
225973611
226173610
228277793
230676521
231782919
236572480
239584488
242517528
248214763
250104581
254090120
255843231
258928434
260524306
269266027
274840281
276763712
277545693
278766922
278864273
279545687
280246803
282717735
282975967
296932435
297662872
299530825
299649994
302146345
303801028
303974982
304791968
305529268
308240677
316545821
322102350
323693281
325449629
325929854
326866497
331451210
331715779
332355240
336297279
337859551
338383978
339686898
339757620
339957914
341200992
342472979
344224634
348971278
350788721
358083074
359815127
360108902
361575233
361952055
371755268
372789663
374685248
374840405
375835875
378710717
379412645
380767286
382023102
383564786
384669804
384978097
386402795
391376395
393804776
394114896
397180226
399943621
403931632
404604306
406009040
407128430
407592666
409676742
410760298
413775440
415106487
417826672
418092159
420711327
423047509
425422528
427173267
427432256
432862658
433764774
434801357
440139339
442697558
445436332
447848651
449264654
450689870
452016785
455981895
461761271
467946995
472543523
474009260
475193361
475799030
478976157
480075849
483357525
489243287
490531034
493694328
495088975
495163295
496224566
496375782
497288563
498091158
498603817
500836097
507497642
508811143
510696768
511260439
512767977
512771976
514098838
514120036
527294907
533897771
535242823
541940423
542289063
545500641
545554618
545846572
547357981
550301502
550423243
550438539
551652792
553455057
554122709
558582862
558693703
561418567
562806847
569601038
571088977
571355257
573843950
578573195
583413953
584853945
587524724
590525350
591887036
594510706
594835922
595861215
597953612
598845883
604602587
609426055
612969875
613296647
613666753
617164318
618648050
620031157
621971763
622629687
627208446
628688255
630645203
636669448
646235909
649862307
650545814
651783437
654566538
655594321
656613549
658577157
662195609
665162213
666845126
667030684
671127253
671307304
673822096
675348021
678835350
679995965
680829782
681328468
683872753
684073077
684436746
684625550
684709429
684878121
692475649
695627507
696877299
699468956
699830358
701119509
704158921
705357904
706004139
707932946
713910394
715567444
717913004
718104215
725025196
725796528
726348843
728421456
729370492
730799481
733602571
733611096
736011772
737898001
742240569
746334696
751734133
752060061
753120269
753769189
755200109
758473560
762641671
767177121
768119839
770225469
770272688
777354591
779427605
781665333
783643062
785242159
786953235
793391762
795098719
795944158
802245146
804467249
804877741
808836521
809018396
809984918
810960747
811712167
812872637
812906768
813143117
813603181
815949795
816576680
824249824
825197091
826019553
827580842
828044735
830075546
830353549
831036942
831477592
831712446
836714747
837125362
837861638
838776093
843346625
847646638
848109549
853863759
855749084
856558356
856656345
857103815
858454826
859806038
860667919
864716127
864771878
864963322
865978223
867507830
869863457
871223602
872203236
874415850
880226145
884954497
887694843
890276637
893008110
895779065
900016870
900357227
901380121
908968204
910294860
910544225
911576624
913346210
914095177
916151144
922002365
924853294
929399979
929680794
934679118
939398477
941158546
941334337
941474315
941961840
942814918
943654437
944308713
945862171
948947529
949007641
953897210
953989064
954135110
955128625
958620407
963368424
963531807
968630962
973583347
975131483
978746858
978922882
979935800
981078545
982242122
982274509
984682443
984899276
985576366
987548480
988359300
989618949
990549747
993258693
994831037
994931936
995580058
999003857
999492910
1000310735
1009617602
1014082743
1014660950
1016834684
1019878956
1019962697
1020515857
1021756327
1022712814
1032107750
1036860123
1040037699
1040198800
1045507807
1045744700
1047265381
1047520985
1051383985
1055374011
1060324470
1061465594
1061991718
1064847402
1070522542
1071849613
1071935310
1072955394
1073216105
1077010282
1077572147
1078250534
1082431886
1083587918
1084486195
1086075890
1086377344
1087384412
1087498316
1087530049
1087972976
1089005692
1092189043
1092482009
1095300657
1095323990
1097263853
1098166109
1099934925
1100580892
1105663307
1105896745
1106391031
1109351392
1110265541
1112067725
1112325356
1117792317
1122100018
1124511710
1124994344
1125583598
1128134294
1135323100
1142260307
1142604885
1145557087
1147892972
1149681715
1151691215
1154471210
1156873770
1157987246
1158068640
1160058477
1160349449
1160617042
1164859342
1165301779
1168067512
1169347353
1171258362
1172684435
1174656366
1178814647
1180024131
1182918051
1185679612
1190871380
1191368143
1192440894
1194617529
1199028078
1200597942
1201604755
1206699627
1208082719
1209985076
1214147672
1216711169
1217333501
1218800396
1218897643
1220120877
1226198251
1227724891
1229864808
1229942329
1230532246
1231969557
1240722648
1243388834
1243807950
1244158196
1249328874
1251359433
1252980031
1262960052
1264618176
1266156629
1272650763
1276782113
1277656320
1278314654
1280693356
1282658903
1283871437
1287340869
1288571893
1289411929
1290769140
1291369666
1293775443
1294063091
1295957647
1297760030
1297902566
1299504540
1300547572
1306601371
1307835384
1308309898
1308550772
1310770345
1313601618
1316972029
1324335602
1329301149
1330969643
1336379471
1337769315
1339104583
1341539075
1343981314
1347006516
1349166843
1350200186
1350952463
1352348649
1355325918
1355446069
1357244124
1361781224
1362549108
1362829899
1366181196
1371786612
1373222591
1374076749
1376900599
1380817352
1381783474
1385707673
1387321959
1389254267
1390775917
1390831981
1390883073
1395472855
1396393613
1397023462
1398011426
1399203950
1399443874
1402515916
1405150406
1405401479
1407710137
1407759925
1410140127
1410921856
1411197264
1414535291
1414938967
1415689471
1420148148
1424399753
1425709743
1428986217
1430591575
1432558733
1434853715
1438249936
1439251201
1440060029
1440079920
1445884110
1450813304
1451291458
1454068096
1454330051
1455366052
1461005773
1461471911
1471758752
1472365978
1480386957
1481068076
1482126647
1483140763
1484150976
1484860638
1487913227
1492716431
1493936285
1496667917
1498765427
1500169517
1501587418
1509286350
1510918330
1511052029
1514458236
1518679421
1519348934
1519569415
1526417678
1530408297
1537617634
1539512888
1542962540
1543780216
1549019025
1550816654
1551511647
1552698559
1556115877
1556989119
1557524626
1559516551
1560863895
1561802697
1563683887
1563918319
1568316580
1570635039
1571323597
1580672377
1580810103
1583990174
1585333675
1586326099
1588758607
1592300518
1592690665
1593609177
1595535690
1597490338
1597782109
1598843150
1601430244
1602467584
1608204359
1611804902
1612507996
1613035871
1613148080
1613894663
1614741704
1616245490
1619547779
1621880727
1623215345
1623805350
1627047661
1627981890
1628663667
1631927857
1635096732
1635777498
1637424934
1639582195
1640948182
1641742189
1644503594
1645354707
1647877422
1652281070
1655552543
1658178492
1661503416
1662048387
1663744772
1670384206
1671742745
1678037445
1678090709
1680993594
1682255984
1684630560
1686630113
1690845761
1691492993
1692400041
1692422863
1698067639
1698124384
1701616075
1702441668
1705324126
1705650126
1713432802
1715438392
1715813215
1716634905
1717912299
1719219685
1725390576
1725663454
1725706260
1733721545
1733841298
1734637054
1737462429
1739917923
1743085347
1752807991
1754933951
1758806649
1758963612
1764778303
1766081770
1766109102
1767745918
1768004834
1769273293
1775706974
1775791445
1775986694
1777747231
1779548129
1784511105
1786471409
1786623316
1788818060
1798261397
1799002984
1802157196
1811325319
1811481005
1812694715
1816725555
1818049918
1818849649
1822572366
1823016502
1827834922
1832117312
1832795230
1834148337
1835241332
1835886503
1839182675
1841108780
1841579304
1844744688
1847902360
1850519252
1858251470
1859089124
1859280869
1860511049
1862132144
1864223295
1865135876
1865493674
1874992932
1875504176
1881985651
1885939918
1888661521
1889396230
1891031249
1893898465
1895527714
1898076155
1902280165
1902680924
1904530967
1905524271
1907124036
1913541128
1916927783
1917609017
1919329730
1919454037
1920898100
1923017604
1923241238
1925534530
1926443947
1928027293
1928747631
1933450053
1934155531
1938013827
1939530193
1940488175
1944675271
1945780925
1948433374
1949931963
1949956481
1951156142
1951899723
1952625216
1955827448
1957331419
1960267728
1960450430
1961244698
1964001188
1965915322
1970755453
1971933382
1972115282
1972173387
1973868256
1977742628
1979409544
1982056660
1985070703
1986558790
1989903045
1992874098
1997193836
1997316480
1998665686
1999216142
1999364676
2001673875
2005761498
2010787010
2010820587
2013497745
2021287175
2021712427
2022513728
2022733140
2023669397
2025724418
2029959714
2033036994
2033434363
2035699760
2042563105
2044196472
2046123018
2049089181
2053502292
2058359741
2058492012
2060450709
2062368907
2062982400
2063580313
2066419580
2067280258
2069325202
2071510239
2076310399
2077603753
2079667735
2081745157
2082197527
2085070169
2093325423
2093773127
2095508410
2096048715
2096340361
2096838104
2098891065
2100547717
2101131290
2103601536
2110906381
2115101311
2116889051
2117820397
2118008619
2119659784
2120708726
2123344654
2124916273
2127743116
2128240481
2128968297
2131391591
2132967243
2138921088
2139281899
2140978143
2142075465
2142149037
2144134271
2144772544
2146145952
2146383224
2148654695
2149982472
2157648531
2160875673
2162274969
2163951924
2166626368
2167567395
2168136786
2171068550
2171935069
2172806947
2180502538
2184309171
2184728855
2187227791
2187631401
2189969361
2191204510
2192518671
2193969278
2194379265
2197210774
2197253925
2197812852
2200374481
2200444160
2200984956
2201380092
2201448263
2203099866
2205064503
2206763142
2207532555
2208695425
2209583949
2210353811
2214837764
2216486548
2220508622
2222875346
2223164664
2223431858
2224355875
2227336203
2228461537
2229284167
2230494195
2237854384
2238395711
2241276607
2241973052
2241994826
2244205117
2246930251
2247453476
2249240201
2249350672
2249566583
2252205982
2252482258
2255090668
2255273031
2258423095
2258581815
2259784064
2261528366
2267679418
2269175701
2270230745
2271898025
2275353175
2275724245
2278492540
2281712908
2285773470
2287124480
2287568018
2288146460
2288297307
2292357520
2298787916
2300341107
2306676588
2312343944
2312933032
2313127986
2314550363
2316788087
2317964858
2318437336
2319343295
2319767676
2322200216
2322658557
2322718089
2322739550
2327705237
2329193234
2330456288
2331931132
2333701426
2335935527
2336090263
2340999471
2344212270
2345480004
2352713727
2354532450
2354572159
2358626321
2359777986
2359789647
2361444947
2361940275
2362769033
2363710235
2367919846
2368015554
2368568606
2369429845
2374033061
2374853842
2377544554
2378074249
2381575319
2383720965
2384183466
2386441349
2387975877
2388756981
2399616904
2401892744
2402004764
2408150640
2408237879
2409760177
2410104851
2410963280
2411693275
2413004567
2414250345
2415697029
2420354372
2422581696
2423728931
2425665977
2429205980
2432831306
2433535507
2436804628
2439695100
2441051829
2445456061
2446454164
2447406881
2448001217
2449681125
2449860348
2453052539
2454192757
2455462429
2458611915
2458631295
2464447949
2465822251
2467305396
2468055290
2472104237
2474544543
2480656370
2480938738
2481100282
2481548647
2484962342
2486059888
2486142052
2487096145
2488973927
2489354704
2492134887
2494136805
2495847766
2497281607
2500512845
2500904461
2501829829
2503743129
2504577230
2505099104
2512073357
2513647906
2517093221
2517655558
2518223189
2518899385
2525476786
2528642815
2535102270
2536154794
2538160284
2538967060
2539361339
2540054206
2540337521
2541118104
2541394456
2541420716
2542607919
2549476970
2552803367
2560390725
2561310750
2564860491
2565038589
2567388454
2570452698
2574929547
2576612711
2577811552
2579452417
2579938929
2581090191
2585152355
2585261322
2586337586
2588185850
2591260369
2595018405
2597111891
2598464350
2598680228
2600983902
2615514517
2618653271
2618930115
2626342540
2629771911
2635123809
2635817237
2636611218
2637380778
2637473622
2637637683
2639902142
2642836665
2644157830
2647466321
2650974941
2654645409
2656910500
2659444580
2665660411
2666553242
2666811583
2669341612
2673223470
2679065831
2681753943
2682412815
2682752342
2684888928
2689723565
2690081288
2691435646
2693207708
2694509900
2694848826
2696737392
2698571216
2699206178
2699935428
2705635303
2707244619
2707396406
2709705020
2715747637
2717273192
2717790549
2718397840
2726647865
2728027509
2729125864
2729170870
2730769252
2733350289
2733877861
2735707753
2737038369
2738726646
2738963185
2739387043
2740785168
2742178703
2742881548
2744413511
2744792977
2747737284
2752777193
2754172463
2754332419
2755802431
2755802808
2756729273
2758423273
2759044738
2764899661
2765400926
2766600704
2766870854
2767680249
2768156687
2768718403
2772581384
2772985826
2773391351
2773693816
2778424055
2778920912
2782683557
2784100447
2785179886
2786559557
2788797927
2796147250
2801866326
2803093813
2805868699
2806835053
2808132077
2814467922
2818599969
2818864989
2819328647
2820382512
2824671841
2828272111
2833226457
2836767152
2839094642
2839716879
2841803068
2842309655
2842574900
2843140192
2843671713
2846405191
2846780885
2848294125
2849225225
2850492710
2850495492
2854883215
2856143163
2863240661
2864500089
2866886339
2868348054
2871550641
2873394200
2875148532
2875784104
2876362430
2876562664
2878615720
2878853194
2882354150
2882527362
2883172882
2884220097
2884513944
2885249134
2889566270
2892429406
2893170792
2893189448
2895338044
2897538376
2897629268
2900214959
2900727862
2903494971
2903516339
2903559997
2903858337
2912741653
2915535513
2915841724
2917052374
2917264550
2917419942
2919117326
2921667381
2922017044
2931209344
2935874465
2935926996
2936362582
2937110688
2937145058
2937163002
2937569456
2941021444
2944710773
2945483812
2947935947
2948515132
2948978413
2949911831
2950054822
2951921701
2953854269
2955074958
2958510410
2960718529
2961927648
2962672569
2968610535
2968679196
2970466402
2974031738
2974603079
2974993018
2975061119
2977688194
2981515306
2985996803
2988073242
2988895858
2990598812
2995902883
2996040270
2996220171
2997018336
2998048197
2999062926
3001255150
3003337523
3006379987
3009631742
3010636952
3013410629
3013651049
3014504337
3015755947
3016294026
3017751310
3020845791
3021356948
3025871234
3028432253
3031294994
3032629668
3033940525
3038348705
3038968244
3041329135
3042283209
3042531379
3042685684
3049729955
3054236018
3054854960
3054869829
3056174205
3059264026
3059521023
3067721648
3071204141
3080344409
3081397666
3092651483
3095470224
3095800429
3097193207
3099925968
3102911309
3106676687
3107962090
3112756182
3114744719
3116052936
3116499372
3123247011
3127091116
3128531499
3128987228
3130232993
3130237442
3137272082
3139637416
3139872290
3140326866
3143604871
3143719282
3144800617
3145864908
3149617626
3161091882
3161840700
3171609067
3176245407
3176760139
3177432418
3178114219
3179439783
3181834587
3183194330
3184655839
3191035408
3193172281
3193485783
3193858546
3195458271
3200566133
3201220296
3203588824
3207621174
3209425890
3210665466
3219825762
3219879880
3223617313
3223675973
3229400281
3229512660
3233076041
3236674503
3238580016
3239896324
3241208598
3241225863
3244314656
3245203949
3245825415
3249160363
3250636050
3251504442
3251888878
3254633917
3255862272
3255878949
3260560460
3260846731
3261721554
3262241005
3263893478
3264929907
3266545821
3268472671
3268955608
3270196526
3273497544
3274057555
3274532183
3278826725
3280773300
3293037493
3298841498
3302059011
3303496812
3304451654
3306811720
3307876130
3309845330
3311419893
3312708171
3314657126
3314818297
3319509693
3321345130
3323584824
3325995139
3328148493
3330472364
3333027610
3338490163
3339274498
3340002749
3342693884
3346336682
3347782181
3349400197
3350826425
3351295326
3351430032
3353342783
3354608785
3355916150
3356335249
3360564191
3362118294
3370901860
3371182196
3377852339
3383131790
3388986477
3390489887
3394171745
3394459994
3398035904
3398529356
3399813787
3401049118
3411284767
3411928706
3415677826
3415787867
3415890272
3417842693
3418150985
3419984947
3422560060
3427437811
3438985263
3445361823
3446728551
3448889887
3449425887
3453435533
3455620455
3459865316
3459883578
3463210155
3469006059
3471035957
3473084973
3475271046
3476261561
3477945917
3481195869
3484926845
3485352768
3487404081
3489229829
3490356589
3490600189
3491044784
3492999367
3494967426
3496481407
3497714879
3501629778
3511764165
3512724652
3517558750
3519582157
3526108452
3532789243
3540872066
3545434324
3546646919
3547766773
3548159453
3548336602
3550524698
3551999132
3552900603
3554133573
3557692706
3558833084
3558860836
3559912238
3562424459
3563400973
3563919607
3564390053
3564488732
3565401405
3572585116
3572739129
3574296777
3576097320
3577030728
3577613119
3579398780
3579658869
3580332026
3580788039
3583797460
3586006192
3586230417
3589838425
3591388452
3591955179
3594165922
3597519451
3597766996
3598497681
3599911644
3600572888
3600793932
3602513629
3611625170
3612058144
3613157422
3613473401
3615662200
3621161058
3625454762
3630846855
3634441726
3635077506
3637420643
3641493100
3644264922
3644331887
3651746373
3657087774
3658631209
3661339747
3662593033
3662859675
3664966788
3667293692
3671070164
3673535953
3677176489
3680294561
3684868117
3691723262
3694178776
3696474615
3697740141
3697852268
3697912278
3702767085
3706595568
3706778294
3706988754
3709037896
3710980859
3712539066
3715619548
3725615192
3729047976
3733237956
3736295213
3736749017
3737956066
3738285865
3738378788
3739797891
3740854618
3750772594
3752579584
3753393485
3759071335
3762638346
3768595576
3771757151
3774372058
3776054473
3779029451
3779732716
3784892512
3786210679
3792328070
3799444316
3800286695
3802639623
3806077543
3806964698
3812537879
3812999735
3817730109
3817823429
3817834587
3823582969
3823639581
3827479851
3827483630
3827581372
3827659914
3828740414
3831238098
3833606822
3835120698
3835551105
3841303315
3842975753
3845058686
3846994799
3847058631
3847718980
3848471293
3848808140
3854315188
3862511510
3867923453
3869877615
3874996239
3878945631
3880078848
3880294531
3881767795
3882363684
3883113729
3885975888
3886741735
3887598880
3887973024
3888070090
3891986041
3892545491
3897189268
3898614459
3899623772
3901092051
3904986384
3907091305
3908633058
3909488581
3911699323
3914549031
3916383543
3916565941
3922035606
3923515197
3928271556
3932435424
3933601706
3934800599
3942960851
3945790316
3946268182
3948620831
3954595180
3956598134
3956865732
3959547921
3960371037
3961855436
3962758339
3964565488
3965295605
3968081400
3968188091
3969237536
3971787869
3972709979
3974783112
3975100564
3976121695
3978544438
3981963964
3987038218
3987131681
3987566046
3988058218
3988559098
3989594329
3993776307
3994059614
3995316072
3998923067
4000024203
4002122560
4005594169
4006902542
4008617508
4009983263
4010787755
4011044844
4016145504
4016652013
4017175548
4017333539
4019181040
4019605398
4022756537
4023432254
4026244045
4028679500
4030151489
4032126746
4032473396
4039908882
4040320366
4046773301
4048631883
4049194241
4049220675
4049628143
4050013182
4052850138
4053205311
4055161101
4055310751
4058098939
4058324394
4060358961
4064192302
4065089910
4065423090
4066096585
4072270362
4073628959
4076749707
4084614957
4084882956
4089500393
4090367636
4091579408
4094196374
4096382043
4096404074
4098170668
4102053539
4102062108
4103345839
4104034901
4105837100
4107271054
4107772809
4109190724
4109633972
4110765147
4117348760
4122809425
4124851112
4125358343
4125794609
4127348284
4128837217
4130095450
4131355650
4132824494
4133777389
4134132931
4136590348
4138256235
4140795312
4141623412
4144569105
4146299676
4146338686
4146628616
4149859068
4150452956
4154264097
4154724365
4156265566
4160644205
4160787014
4161562875
4164053956
4166754114
4171408508
4172478167
4175098767
4189312648
4189563548
4193700461
4195230476
4195811568
4198268704
4198801590
4201811201
4205248528
4206615052
4207755001
4212014545
4212023919
4214554897
4219331110
4219973199
4225823341
4226878633
4227387625
4228840313
4233097196
4233540575
4235873927
4236621346
4240327693
4241456665
4242011178
4243450582
4244279538
4246616888
4247625092
4251721237
4256196142
4257531126
4258137801
4258192235
4264053522
4266493775
4268595518
4269481160
4272531199
4275436418
4278895038
4279017955
4281025182
4283200628
4283647981
4285607100
4289114864
4290284788
4291046238
4292293031
4293295751
4294913262
